0 0.7551 0.446615 0.138238 0.282118
2 0.400499 0.530093 0.109158 0.22338
0 0.752604 0.623553 0.12934 0.103009
7 0.864583 0.190249 0.158854 0.293113
1 0.504557 0.535012 0.110243 0.240741
7 0.898438 0.528791 0.144965 0.271123
4 0.617079 0.346644 0.119141 0.251157
5 0.186089 0.563223 0.081814 0.120081
5 0.184462 0.403501 0.082899 0.22309
4 0.621853 0.516348 0.11046 0.087095
4 0.620551 0.599971 0.111762 0.087095
6 0.107313 0.416377 0.078776 0.201389
3 0.303494 0.50434 0.090929 0.222222
11 0.501302 0.383681 0.036458 0.054977
6 0.103407 0.554398 0.072266 0.076968
