0 0.669379 0.296441 0.153429 0.288484
4 0.367839 0.661603 0.129340 0.183738
4 0.246311 0.658854 0.130642 0.160301
7 0.454861 0.138455 0.168403 0.210359
6 0.288845 0.354601 0.138021 0.213831
5 0.562609 0.772425 0.168620 0.256076
4 0.353299 0.517361 0.115885 0.142361
8 0.293620 0.869213 0.187066 0.261574
2 0.508030 0.569300 0.160590 0.214410
7 0.695530 0.586372 0.201823 0.264178
0 0.534180 0.343316 0.174696 0.264757
4 0.259549 0.517072 0.075521 0.127315
11 0.508247 0.350116 0.042969 0.064236
11 0.500651 0.584491 0.041233 0.049769
11 0.261176 0.540654 0.034939 0.046586
11 0.652127 0.587674 0.043403 0.057870
5 0.482747 0.722512 0.103082 0.205440
0 0.599392 0.229456 0.097656 0.139468
5 0.383572 0.292535 0.127821 0.203704
