0 0.341688 0.870370 0.156033 0.199074
4 0.206706 0.478588 0.133898 0.214699
7 0.377930 0.418837 0.130425 0.202257
5 0.640082 0.416667 0.152995 0.173611
9 0.575955 0.838108 0.203125 0.285012
7 0.545356 0.643953 0.159288 0.187789
0 0.374240 0.734954 0.142144 0.142361
7 0.219293 0.726997 0.107422 0.190683
8 0.339735 0.232928 0.205512 0.273148
9 0.710503 0.651620 0.185764 0.303241
6 0.564996 0.320602 0.111762 0.156250
7 0.487847 0.497830 0.129340 0.214410
6 0.612956 0.328270 0.135634 0.122975
0 0.324436 0.783565 0.099392 0.111111
0 0.385417 0.634983 0.147135 0.114294
11 0.384549 0.641927 0.033420 0.047164
11 0.173286 0.477286 0.034071 0.050637
11 0.504557 0.516204 0.033420 0.043403
11 0.549154 0.660880 0.035373 0.043403
4 0.261068 0.460503 0.085069 0.188368
11 0.531576 0.881510 0.034939 0.050637
