5 0.154514 0.502315 0.133681 0.144676
5 0.151476 0.653935 0.138021 0.184028
5 0.152778 0.829861 0.166667 0.322917
6 0.289497 0.472801 0.134549 0.125000
6 0.302517 0.589120 0.132812 0.151620
6 0.327691 0.803241 0.167535 0.311343
1 0.466580 0.674769 0.139757 0.285880
1 0.483073 0.492477 0.136285 0.175926
2 0.633247 0.490741 0.138021 0.174769
2 0.624132 0.685185 0.164931 0.302083
3 0.799479 0.676505 0.171875 0.317130
3 0.790799 0.481481 0.142361 0.186343
11 0.647135 0.910880 0.058160 0.086806
11 0.490017 0.879051 0.047743 0.074074
10 0.888889 0.254051 0.137153 0.243056
