7 0.173611 0.464410 0.122830 0.212384
7 0.315430 0.242477 0.135634 0.231481
7 0.395942 0.573206 0.145182 0.232639
7 0.758789 0.742766 0.178168 0.268519
7 0.898438 0.760706 0.168403 0.278356
6 0.651367 0.134693 0.193793 0.241609
5 0.530165 0.252894 0.171441 0.234375
5 0.516710 0.607205 0.105469 0.230613
5 0.281684 0.492911 0.135417 0.229456
5 0.100694 0.578125 0.095052 0.210648
2 0.192708 0.646557 0.151910 0.195312
1 0.262261 0.827112 0.106988 0.223669
3 0.491319 0.842014 0.141493 0.245370
0 0.395074 0.382089 0.148220 0.165799
0 0.497613 0.435041 0.107639 0.215567
0 0.648438 0.615162 0.174479 0.194444
4 0.701606 0.375145 0.205729 0.183738
4 0.712023 0.509404 0.134115 0.228299
4 0.618815 0.872975 0.182509 0.191551
4 0.376411 0.767216 0.154297 0.237558
