4 0.300998 0.449074 0.222656 0.225116
4 0.468859 0.509838 0.148655 0.254051
6 0.433377 0.183449 0.152344 0.197338
8 0.296549 0.746383 0.321832 0.350405
7 0.622179 0.134404 0.139323 0.184317
5 0.587674 0.629630 0.129774 0.268519
0 0.771918 0.333767 0.111979 0.172743
7 0.783529 0.559896 0.134332 0.236111
11 0.626845 0.487558 0.043186 0.061343
11 0.761502 0.544705 0.029514 0.042535
11 0.366970 0.334491 0.046441 0.053819
11 0.656467 0.299334 0.036458 0.051794
0 0.675781 0.311777 0.143229 0.196470
0 0.728516 0.244647 0.067274 0.088831
4 0.355360 0.327257 0.120877 0.194444
4 0.479709 0.363426 0.126519 0.134259
5 0.545573 0.203704 0.131076 0.162037
5 0.661024 0.690538 0.158854 0.249132
2 0.626194 0.469329 0.163411 0.190972
