7 0.186632 0.598380 0.139323 0.243634
7 0.559896 0.568866 0.110677 0.222222
7 0.796549 0.553241 0.113498 0.207176
0 0.465169 0.335214 0.093967 0.263600
7 0.314128 0.552662 0.131293 0.239583
0 0.389648 0.316696 0.091797 0.234664
7 0.450738 0.576968 0.105469 0.237269
7 0.679036 0.564525 0.100694 0.197338
4 0.618273 0.326823 0.117622 0.206308
11 0.679470 0.411603 0.042535 0.051794
4 0.225694 0.309317 0.113281 0.236111
11 0.617839 0.425637 0.036892 0.048611
4 0.536133 0.334491 0.080946 0.229745
11 0.612847 0.497396 0.045139 0.057292
11 0.372938 0.575376 0.045790 0.051794
0 0.327257 0.308449 0.095486 0.243056
11 0.471354 0.572338 0.034722 0.048611
