1 0.203885 0.429543 0.129991 0.183160
7 0.082574 0.664786 0.162977 0.239873
4 0.736003 0.545862 0.223741 0.190104
7 0.479167 0.730035 0.156684 0.265046
2 0.372287 0.318142 0.110026 0.110822
7 0.345269 0.716869 0.166233 0.282118
2 0.343424 0.448206 0.131727 0.198495
3 0.472439 0.390480 0.119358 0.169271
0 0.570964 0.437355 0.090712 0.192419
11 0.464301 0.551215 0.046224 0.058449
1 0.206597 0.312066 0.129774 0.096354
0 0.660916 0.413918 0.119575 0.126447
11 0.575521 0.726562 0.048611 0.070023
7 0.213108 0.672454 0.165799 0.258102
11 0.219618 0.688079 0.052083 0.064815
11 0.318576 0.473958 0.045139 0.055556
11 0.567274 0.478588 0.047743 0.053241
0 0.697483 0.454861 0.184896 0.130787
