0 0.314670 0.656250 0.243924 0.195602
0 0.473090 0.659144 0.083333 0.196759
0 0.541233 0.655093 0.065104 0.190972
0 0.595052 0.631366 0.065104 0.201389
0 0.661458 0.622685 0.081597 0.193287
0 0.728299 0.619792 0.071181 0.208333
0 0.793403 0.612269 0.078125 0.195602
0 0.851997 0.611111 0.066840 0.197917
4 0.345052 0.391782 0.252604 0.208333
4 0.493490 0.383102 0.051215 0.193287
4 0.552517 0.369213 0.075521 0.193287
4 0.609809 0.395255 0.068576 0.210648
4 0.658854 0.376157 0.065972 0.186343
4 0.723524 0.376157 0.072049 0.204861
4 0.790799 0.361111 0.074653 0.197917
4 0.852431 0.359375 0.052083 0.196759
