11 0.743924 0.504630 0.049479 0.069444
11 0.775608 0.622106 0.053819 0.072917
11 0.739583 0.842593 0.059896 0.076389
11 0.332899 0.666667 0.039931 0.064815
11 0.227431 0.375579 0.039062 0.054398
10 0.340278 0.369792 0.106771 0.241898
1 0.476997 0.406250 0.138889 0.277778
1 0.435330 0.291667 0.114583 0.261574
2 0.630208 0.356481 0.162326 0.296296
2 0.562066 0.282407 0.131944 0.270833
3 0.704427 0.254051 0.144097 0.281250
9 0.188368 0.532407 0.200521 0.240741
8 0.572917 0.737847 0.301215 0.306713
8 0.285156 0.822338 0.230903 0.255787
