4 0.842773 0.221065 0.178602 0.135417
4 0.841580 0.299190 0.171007 0.111111
4 0.837674 0.392216 0.173611 0.190683
0 0.827257 0.629919 0.171875 0.141204
0 0.817491 0.722656 0.166667 0.192419
11 0.395182 0.804253 0.049479 0.061632
11 0.325955 0.641204 0.049479 0.065972
7 0.296441 0.219329 0.176215 0.164352
7 0.473090 0.219907 0.178819 0.167824
7 0.651910 0.235532 0.177083 0.159722
7 0.652344 0.409722 0.177951 0.160880
7 0.471354 0.379051 0.171875 0.173611
7 0.297309 0.371528 0.174479 0.172454
7 0.276476 0.524306 0.174479 0.186343
7 0.460069 0.539931 0.173611 0.185185
7 0.641927 0.580440 0.174479 0.192130
7 0.619358 0.743634 0.179688 0.185185
7 0.439236 0.699653 0.166667 0.196759
7 0.238281 0.752894 0.183160 0.175926
