1 0.494141 0.339265 0.098958 0.230035
2 0.688043 0.281395 0.138672 0.245081
0 0.513346 0.642072 0.134766 0.277778
7 0.264214 0.610388 0.177734 0.236979
3 0.817600 0.270255 0.151693 0.256944
4 0.674262 0.610243 0.092448 0.255208
7 0.142036 0.472367 0.097873 0.207465
7 0.257378 0.389757 0.104167 0.214699
4 0.775391 0.610532 0.118924 0.257523
0 0.417318 0.646267 0.100694 0.282118
2 0.589518 0.295428 0.073134 0.232639
11 0.851780 0.228154 0.047309 0.057581
4 0.869792 0.653356 0.189236 0.326389
11 0.601128 0.339699 0.040799 0.060185
1 0.410590 0.334491 0.137153 0.241898
