1 0.565104 0.786603 0.151476 0.258970
0 0.285590 0.357205 0.131510 0.139757
4 0.706923 0.263600 0.164280 0.146412
7 0.338433 0.723669 0.170356 0.224537
7 0.415799 0.220631 0.133681 0.194155
6 0.485352 0.404080 0.134766 0.196470
1 0.738607 0.650029 0.152561 0.253183
7 0.266602 0.200521 0.139974 0.171875
7 0.636285 0.134115 0.153646 0.160590
5 0.617405 0.542969 0.117622 0.153067
4 0.773872 0.379919 0.141493 0.163773
7 0.531793 0.194734 0.107856 0.191551
7 0.221463 0.593605 0.130425 0.227720
0 0.353407 0.466725 0.128255 0.182292
11 0.782878 0.659867 0.039714 0.061632
11 0.715929 0.360388 0.048611 0.063368
0 0.320747 0.423322 0.142795 0.101273
11 0.247504 0.600550 0.027995 0.048322
2 0.464627 0.748843 0.106771 0.248264
4 0.743490 0.345631 0.151042 0.119502
11 0.393663 0.206308 0.032552 0.041088
6 0.491102 0.546007 0.115451 0.152778
5 0.581814 0.406105 0.109375 0.186632
11 0.333984 0.488281 0.037760 0.046007
