0 0.700412 0.393808 0.162977 0.259259
4 0.371528 0.657407 0.125868 0.177662
6 0.304688 0.350839 0.152778 0.235243
4 0.250543 0.633681 0.135200 0.160880
7 0.496853 0.176649 0.169922 0.269965
2 0.516168 0.599682 0.151693 0.182581
0 0.563043 0.413484 0.164280 0.270255
7 0.678168 0.655382 0.160590 0.224537
5 0.547635 0.782841 0.150391 0.202257
8 0.291233 0.813079 0.177951 0.199074
4 0.366753 0.530961 0.099826 0.138310
4 0.265082 0.515046 0.081380 0.138889
11 0.534397 0.414641 0.040582 0.072338
11 0.270616 0.529225 0.035590 0.040509
11 0.647352 0.657841 0.036892 0.047743
11 0.505425 0.623264 0.037326 0.059028
5 0.409722 0.317274 0.143229 0.213831
5 0.481554 0.733073 0.097656 0.182002
0 0.637804 0.313657 0.104601 0.146412
