9 0.211372 0.410012 0.255208 0.221065
5 0.532661 0.795718 0.120443 0.259259
1 0.629991 0.452402 0.115017 0.206308
0 0.773329 0.594907 0.103516 0.181713
7 0.412652 0.694878 0.120009 0.241609
6 0.644640 0.640046 0.118707 0.151042
7 0.429253 0.432292 0.112413 0.096065
4 0.880859 0.478588 0.077257 0.075810
6 0.634440 0.822049 0.120443 0.248264
5 0.543728 0.618345 0.110460 0.146412
4 0.885959 0.689815 0.093533 0.208912
9 0.179036 0.612269 0.263889 0.225116
4 0.882812 0.559028 0.076389 0.083333
11 0.209093 0.796007 0.047960 0.063657
7 0.424371 0.527633 0.105686 0.121817
0 0.763997 0.458044 0.090495 0.087384
11 0.137153 0.777778 0.067708 0.056134
