0 0.265951 0.671152 0.098741 0.217303
4 0.369141 0.674045 0.111545 0.199942
7 0.380642 0.287037 0.10026 0.194444
6 0.163845 0.242043 0.093316 0.16985
9 0.849935 0.591146 0.240234 0.195602
7 0.472331 0.298177 0.100477 0.197049
7 0.57053 0.276042 0.097222 0.188657
7 0.66862 0.282986 0.112847 0.210648
7 0.28852 0.309896 0.094401 0.183449
0 0.279188 0.532118 0.083116 0.070023
4 0.379232 0.478443 0.092231 0.088252
11 0.679253 0.496094 0.042101 0.050058
0 0.28201 0.474682 0.089627 0.049479
11 0.631293 0.526042 0.040365 0.04919
8 0.863932 0.344039 0.237847 0.184606
5 0.073568 0.270544 0.106771 0.176505
4 0.386285 0.546007 0.094184 0.049769
