3 0.720052 0.274306 0.138889 0.282407
2 0.644531 0.368056 0.152778 0.298611
2 0.577691 0.288194 0.130208 0.280093
1 0.494792 0.402199 0.143229 0.271991
1 0.447483 0.282986 0.121528 0.269676
10 0.352431 0.358218 0.120660 0.248843
9 0.200955 0.516782 0.222222 0.228009
8 0.320312 0.789352 0.236979 0.226852
8 0.591580 0.714699 0.277778 0.274306
11 0.234809 0.354167 0.039931 0.050926
11 0.360243 0.651042 0.047743 0.054398
11 0.754774 0.516204 0.045139 0.064815
11 0.778646 0.625579 0.047743 0.065972
11 0.740885 0.818866 0.053819 0.065972
