6 0.183485 0.590278 0.153429 0.251736
7 0.319336 0.821181 0.179036 0.276042
0 0.727322 0.179832 0.14605 0.248553
6 0.205404 0.331597 0.136502 0.249421
7 0.364475 0.474248 0.215061 0.280671
4 0.6977 0.816406 0.121962 0.27228
7 0.559787 0.181424 0.152127 0.226273
7 0.495334 0.608218 0.142578 0.269676
7 0.663194 0.448206 0.122396 0.248843
7 0.379991 0.190538 0.172743 0.241609
11 0.531033 0.398148 0.045573 0.065972
11 0.770725 0.630498 0.041884 0.060185
11 0.575521 0.838252 0.047309 0.071759
11 0.316081 0.342014 0.042318 0.063079
11 0.808268 0.432581 0.045356 0.065972
