9 0.725369 0.882668 0.207248 0.257812
3 0.509332 0.787471 0.147569 0.207465
1 0.34158 0.546441 0.097222 0.210359
2 0.386827 0.754919 0.113932 0.212384
1 0.276042 0.764468 0.122396 0.225694
7 0.501628 0.338686 0.111328 0.193576
5 0.694119 0.60952 0.125651 0.221354
2 0.564562 0.565828 0.127821 0.217882
2 0.441949 0.543547 0.103082 0.185475
6 0.815213 0.631221 0.136936 0.234664
0 0.272244 0.353588 0.119575 0.191551
0 0.381185 0.333767 0.102648 0.175637
0 0.132378 0.664062 0.161892 0.204282
0 0.197049 0.502894 0.108507 0.202546
11 0.574327 0.396846 0.035373 0.049479
11 0.641819 0.418692 0.042752 0.050347
