4 0.408095 0.584201 0.171658 0.185764
0 0.721680 0.489439 0.138672 0.238137
5 0.643229 0.322338 0.136719 0.269097
0 0.836155 0.467882 0.094618 0.180556
2 0.620551 0.596933 0.096571 0.214120
6 0.423828 0.163918 0.217014 0.227141
7 0.201063 0.322483 0.193359 0.304688
11 0.589193 0.171296 0.039062 0.062500
7 0.256510 0.759693 0.187500 0.178530
3 0.552843 0.666667 0.078776 0.217593
7 0.746094 0.193576 0.131510 0.232639
11 0.232096 0.300926 0.054036 0.066551
11 0.759766 0.259404 0.041233 0.073785
7 0.539062 0.411314 0.109375 0.217303
11 0.289714 0.779225 0.053385 0.052662
4 0.362413 0.515046 0.197049 0.202546
11 0.518772 0.375868 0.037977 0.059028
11 0.754340 0.544560 0.033420 0.049190
11 0.491211 0.715133 0.035373 0.046007
3 0.485352 0.677807 0.148220 0.212095
0 0.799154 0.521123 0.052300 0.171296
0 0.742188 0.553096 0.061632 0.124132
6 0.451063 0.282407 0.155599 0.144676
