0 0.245660 0.721065 0.260417 0.237269
0 0.394097 0.699653 0.107639 0.238426
0 0.480903 0.679977 0.092014 0.238426
0 0.552083 0.671296 0.079861 0.234954
0 0.636719 0.671296 0.098090 0.251157
0 0.724826 0.690394 0.086806 0.263889
0 0.807292 0.688079 0.088542 0.252315
0 0.888021 0.675926 0.072917 0.260417
4 0.252604 0.318866 0.255208 0.243056
4 0.410590 0.342593 0.086806 0.237269
4 0.477865 0.277778 0.089410 0.244213
4 0.539062 0.263889 0.095486 0.241898
4 0.612413 0.227431 0.108507 0.250000
4 0.700521 0.232060 0.097222 0.256944
4 0.786458 0.229167 0.092014 0.246528
4 0.878472 0.224537 0.093750 0.251157
