9 0.758789 0.484954 0.199002 0.239583
4 0.124023 0.287616 0.087891 0.177662
9 0.833008 0.278791 0.205946 0.230613
7 0.534939 0.479745 0.133247 0.223380
7 0.512044 0.273727 0.107856 0.226852
5 0.413194 0.280382 0.085938 0.188657
6 0.289822 0.131800 0.129123 0.236979
7 0.628255 0.233362 0.137587 0.239873
0 0.204210 0.329427 0.093750 0.180845
1 0.372504 0.484375 0.091797 0.184028
0 0.245117 0.446470 0.097439 0.162037
11 0.799805 0.127894 0.049262 0.059028
4 0.132270 0.418113 0.087457 0.084491
11 0.734592 0.120660 0.046007 0.057870
4 0.141710 0.481771 0.082899 0.061921
6 0.289822 0.284288 0.090495 0.122975
5 0.391385 0.134404 0.110894 0.228299
