0 0.412869 0.320312 0.138238 0.214120
5 0.871636 0.194010 0.139106 0.245660
7 0.124457 0.329427 0.090929 0.171586
6 0.716037 0.165220 0.196398 0.222801
7 0.279514 0.468027 0.101128 0.188947
4 0.604384 0.412760 0.094618 0.197049
7 0.356771 0.510417 0.094184 0.147569
6 0.728733 0.443721 0.139757 0.197049
8 0.303711 0.157697 0.203776 0.189236
5 0.894206 0.377315 0.124783 0.174190
11 0.476780 0.546007 0.033420 0.049769
11 0.513238 0.542245 0.037326 0.046875
7 0.208008 0.412905 0.085286 0.192130
0 0.450304 0.387731 0.079861 0.186921
4 0.537109 0.341725 0.093750 0.208912
6 0.723090 0.313802 0.132378 0.186053
5 0.845161 0.465712 0.106988 0.183738
