7 0.430447 0.23886 0.134766 0.282118
0 0.106228 0.785301 0.169922 0.335648
0 0.123155 0.468316 0.156467 0.0761
7 0.292101 0.194155 0.140191 0.289931
4 0.297635 0.612558 0.14388 0.106481
5 0.462565 0.837529 0.142144 0.297164
0 0.120985 0.562355 0.158203 0.121238
6 0.630425 0.767506 0.125 0.280382
7 0.557834 0.234954 0.125651 0.262731
4 0.29145 0.489583 0.143663 0.138889
7 0.136502 0.19864 0.170139 0.315104
9 0.842339 0.649595 0.212023 0.222801
11 0.688368 0.534867 0.045573 0.061053
4 0.27322 0.825666 0.169271 0.308738
7 0.67296 0.266059 0.115017 0.248553
11 0.636068 0.571904 0.039062 0.058738
8 0.855252 0.372685 0.204861 0.224537
