7 0.218099 0.275463 0.142795 0.227431
7 0.434787 0.117188 0.125651 0.206597
5 0.087240 0.372685 0.141493 0.242477
5 0.357313 0.359664 0.150391 0.252315
2 0.205404 0.484809 0.213325 0.251447
1 0.260742 0.721788 0.133898 0.258391
7 0.471029 0.486400 0.130859 0.234375
3 0.533203 0.791811 0.125000 0.248553
7 0.794379 0.747251 0.160807 0.259549
7 0.902778 0.781829 0.135417 0.256366
4 0.783203 0.521412 0.121962 0.224537
4 0.780924 0.399161 0.160807 0.181424
4 0.417535 0.679398 0.157118 0.263310
4 0.655816 0.838686 0.178819 0.212674
0 0.502496 0.292390 0.163845 0.143808
0 0.594510 0.372251 0.129557 0.207465
0 0.714735 0.589699 0.158637 0.209491
5 0.592990 0.555266 0.126519 0.244213
5 0.648872 0.228009 0.146701 0.206597
6 0.764865 0.178530 0.158637 0.173611
