0 0.230903 0.705440 0.326389 0.270833
0 0.443142 0.721644 0.110243 0.270833
0 0.531684 0.726852 0.077257 0.265046
0 0.604167 0.682292 0.088542 0.254630
0 0.690104 0.664931 0.116319 0.236111
0 0.771267 0.665509 0.105035 0.246528
0 0.848090 0.646991 0.114583 0.228009
0 0.921007 0.649306 0.107639 0.230324
4 0.287326 0.368634 0.307292 0.254630
4 0.468750 0.378472 0.057292 0.230324
4 0.537760 0.366898 0.085938 0.214120
4 0.594184 0.394676 0.061632 0.223380
4 0.657986 0.390046 0.071181 0.221065
4 0.730903 0.373843 0.090278 0.202546
4 0.803385 0.364005 0.096354 0.201389
4 0.873264 0.357639 0.076389 0.202546
