4 0.685981 0.438368 0.125 0.221644
1 0.5727 0.605469 0.115017 0.230035
6 0.085069 0.525029 0.122396 0.231192
2 0.464844 0.608941 0.123698 0.232928
5 0.194878 0.494068 0.106337 0.238137
0 0.812934 0.533275 0.116753 0.23206
4 0.696289 0.597222 0.104818 0.078125
7 0.924696 0.45761 0.127604 0.210359
3 0.351671 0.597222 0.115668 0.226852
5 0.197157 0.672598 0.107856 0.125868
6 0.07921 0.677083 0.104601 0.095486
0 0.811198 0.670428 0.111545 0.059028
11 0.569336 0.454861 0.04362 0.054398
4 0.689562 0.658565 0.111328 0.061921
7 0.92589 0.621672 0.097873 0.099248
