4 0.216905 0.678675 0.162977 0.180845
0 0.701063 0.472367 0.201172 0.198206
7 0.777669 0.684028 0.235026 0.269097
7 0.398655 0.751013 0.132378 0.262442
6 0.445312 0.484230 0.140625 0.196470
7 0.552517 0.687789 0.179253 0.261574
2 0.445747 0.189815 0.100694 0.163773
7 0.269748 0.842882 0.157118 0.228588
5 0.319010 0.387153 0.104601 0.142940
11 0.603082 0.342737 0.042969 0.053530
1 0.226997 0.339120 0.124566 0.179977
11 0.584093 0.688513 0.048394 0.061632
11 0.674154 0.218750 0.038845 0.050926
0 0.570530 0.396557 0.078125 0.190104
2 0.560655 0.172598 0.139106 0.175058
11 0.197700 0.331597 0.036458 0.052662
0 0.644748 0.409578 0.140191 0.182002
1 0.364692 0.207465 0.113064 0.154514
5 0.344293 0.493200 0.106554 0.199942
6 0.432075 0.358218 0.097656 0.144676
4 0.159831 0.555266 0.115668 0.167824
4 0.198568 0.583478 0.134115 0.132812
11 0.214301 0.557002 0.035373 0.052662
7 0.713867 0.226997 0.182943 0.182002
