6 0.338216 0.138455 0.156467 0.253183
5 0.477322 0.292969 0.094835 0.194734
7 0.680230 0.239873 0.117405 0.222801
9 0.837999 0.268663 0.150391 0.195891
7 0.602865 0.474826 0.128472 0.219329
4 0.134115 0.477286 0.107639 0.088252
4 0.128255 0.318576 0.121962 0.197917
0 0.234158 0.362124 0.128906 0.221354
7 0.574870 0.282697 0.094618 0.225116
1 0.435872 0.507523 0.095269 0.215278
4 0.145182 0.552951 0.115017 0.075231
9 0.781793 0.444734 0.180339 0.170139
11 0.766602 0.140191 0.034071 0.050637
11 0.817166 0.146846 0.035373 0.050637
5 0.452582 0.148003 0.118707 0.228299
6 0.340929 0.301939 0.112413 0.143808
0 0.289822 0.510561 0.109158 0.151910
