7 0.237956 0.259404 0.101780 0.193576
7 0.389106 0.154659 0.157118 0.219618
5 0.483398 0.305411 0.166016 0.233507
5 0.582899 0.145689 0.140625 0.219618
6 0.716146 0.115162 0.133247 0.216435
0 0.661892 0.348669 0.194010 0.190394
0 0.694010 0.478877 0.201389 0.219329
0 0.565755 0.555266 0.170573 0.254630
4 0.746419 0.741898 0.169922 0.282407
4 0.472982 0.753328 0.128689 0.259549
4 0.344293 0.791233 0.191623 0.221354
4 0.135851 0.641638 0.171441 0.219618
1 0.318034 0.575231 0.152561 0.246528
3 0.437717 0.552228 0.136285 0.248553
2 0.234592 0.416088 0.126302 0.223380
