6 0.350043 0.569300 0.164062 0.223090
7 0.324653 0.303241 0.224826 0.263889
8 0.553385 0.247251 0.268229 0.327257
4 0.698351 0.829138 0.144965 0.186053
7 0.752821 0.612124 0.142361 0.228877
6 0.478950 0.689091 0.174913 0.180845
7 0.817925 0.391782 0.164497 0.267940
4 0.582791 0.799190 0.081380 0.195602
11 0.649089 0.530816 0.049479 0.058738
11 0.521159 0.261574 0.044922 0.057870
5 0.274306 0.644965 0.210069 0.243056
5 0.478516 0.557147 0.145833 0.180845
4 0.498372 0.834635 0.089193 0.165220
4 0.651367 0.790799 0.105252 0.197338
11 0.664497 0.748843 0.032552 0.053819
