6 0.457031 0.245804 0.166233 0.246817
4 0.464084 0.610822 0.142144 0.232060
4 0.371962 0.419705 0.138455 0.252604
7 0.750543 0.662616 0.111328 0.245949
5 0.559245 0.722367 0.129774 0.246817
8 0.292101 0.830006 0.291233 0.311053
7 0.666992 0.182436 0.128689 0.241609
0 0.780056 0.427662 0.117839 0.195602
2 0.608181 0.570168 0.119141 0.176794
4 0.482530 0.458912 0.108290 0.153935
5 0.577582 0.263889 0.121745 0.189236
4 0.310221 0.539497 0.208984 0.246817
5 0.616970 0.782118 0.155816 0.232639
0 0.688911 0.398438 0.129123 0.226273
0 0.750760 0.326823 0.076172 0.111979
11 0.674262 0.388166 0.033420 0.049479
11 0.616536 0.593895 0.036892 0.052951
11 0.731228 0.649306 0.029731 0.043403
11 0.378689 0.427951 0.044271 0.054398
