7 0.633464 0.512153 0.141927 0.242477
7 0.329970 0.549913 0.132161 0.249711
5 0.356879 0.241753 0.154297 0.223090
7 0.720812 0.803096 0.144748 0.274595
6 0.544162 0.185185 0.200738 0.247685
7 0.464952 0.503762 0.126953 0.240162
7 0.214735 0.434172 0.130859 0.234664
1 0.796658 0.553241 0.114149 0.242477
0 0.535916 0.867766 0.123481 0.226273
1 0.171984 0.726562 0.130859 0.237269
0 0.363715 0.825666 0.151042 0.252025
11 0.714735 0.359230 0.041884 0.054109
11 0.790582 0.368490 0.046007 0.055845
3 0.662977 0.275608 0.154948 0.233507
