7 0.451823 0.688911 0.203993 0.098741
5 0.440249 0.086697 0.186053 0.10829
5 0.588831 0.100694 0.137731 0.111111
7 0.680556 0.589193 0.157407 0.101997
0 0.374277 0.451823 0.200521 0.121528
8 0.86603 0.594401 0.171296 0.197049
7 0.469184 0.577908 0.205729 0.101128
7 0.450666 0.831163 0.2011 0.108941
5 0.236545 0.073785 0.23235 0.119792
4 0.403935 0.330729 0.200231 0.116753
6 0.241175 0.201172 0.242766 0.119792
6 0.429253 0.198242 0.166377 0.113932
11 0.64974 0.759115 0.047164 0.034722
4 0.571904 0.330295 0.134549 0.101128
11 0.686487 0.798828 0.060475 0.036892
0 0.53588 0.443902 0.122106 0.10612
6 0.580874 0.204102 0.15191 0.112196
