0 0.674624 0.447483 0.12934 0.131944
0 0.812211 0.449219 0.14294 0.133247
0 0.540509 0.435764 0.130787 0.128472
4 0.179543 0.614149 0.135706 0.146267
7 0.3886 0.868273 0.168403 0.191406
2 0.37934 0.608181 0.146412 0.162977
7 0.23669 0.875109 0.151042 0.195095
1 0.183304 0.4324 0.112558 0.127821
6 0.488426 0.305556 0.116898 0.113281
4 0.061632 0.624891 0.116898 0.149089
3 0.516493 0.613064 0.145833 0.155382
11 0.677228 0.590169 0.0489 0.035373
5 0.375289 0.324436 0.116898 0.115451
11 0.685764 0.706706 0.057292 0.038411
5 0.368779 0.448134 0.121817 0.131944
