1 0.139865 0.670862 0.179036 0.206308
5 0.492622 0.595486 0.131076 0.221065
3 0.297201 0.587818 0.129557 0.225405
3 0.441515 0.81901 0.182943 0.218461
4 0.534831 0.240017 0.184245 0.247975
0 0.780273 0.353877 0.193359 0.230903
6 0.655273 0.660446 0.185547 0.225405
11 0.798937 0.284722 0.043186 0.064236
2 0.717122 0.81467 0.167318 0.198785
11 0.470378 0.649016 0.048828 0.054977
11 0.77474 0.869358 0.048177 0.061053
11 0.071832 0.809606 0.036892 0.043981
11 0.411241 0.804109 0.042535 0.066551
4 0.471246 0.297598 0.119575 0.182002
2 0.178819 0.570168 0.12717 0.176794
7 0.115017 0.814091 0.178819 0.197627
6 0.611654 0.568721 0.126519 0.155382
11 0.689779 0.653501 0.040582 0.049479
11 0.31684 0.543692 0.038628 0.053819
3 0.756619 0.878328 0.171224 0.175637
