4 0.354022 0.344944 0.266493 0.155599
4 0.187789 0.607639 0.241319 0.215712
4 0.534578 0.741536 0.216725 0.133247
4 0.650752 0.737522 0.173611 0.190755
0 0.455729 0.671658 0.210648 0.174479
0 0.666811 0.529839 0.171586 0.131727
0 0.727575 0.437391 0.107928 0.162543
7 0.713108 0.172092 0.188368 0.113715
7 0.862269 0.375 0.173611 0.116753
7 0.545428 0.403646 0.224537 0.138455
7 0.295139 0.773763 0.290509 0.191623
7 0.25463 0.908095 0.29919 0.159505
1 0.308449 0.183268 0.249421 0.145182
2 0.536024 0.145942 0.207465 0.194661
3 0.243634 0.470378 0.26331 0.136936
5 0.618345 0.056641 0.204282 0.112847
5 0.652778 0.294813 0.215278 0.134766
5 0.485677 0.529405 0.240451 0.132595
5 0.790509 0.589301 0.191551 0.154731
6 0.848814 0.70714 0.158854 0.17513
