4 0.784722 0.412001 0.145255 0.177734
1 0.813223 0.644965 0.154803 0.165799
0 0.382668 0.607096 0.147859 0.167318
4 0.928819 0.410373 0.135995 0.181424
0 0.239439 0.581706 0.140914 0.161675
0 0.104167 0.569227 0.147569 0.160156
6 0.443287 0.78418 0.146412 0.152561
5 0.584201 0.605794 0.144676 0.165582
2 0.555845 0.412109 0.16088 0.179688
7 0.533999 0.158312 0.16059 0.182509
3 0.412326 0.401693 0.155671 0.170573
7 0.685041 0.14822 0.162905 0.181424
11 0.245804 0.41428 0.051794 0.039062
11 0.246383 0.298611 0.054688 0.038194
5 0.585069 0.77832 0.154514 0.16645
