7 0.604601 0.15918 0.20978 0.097873
0 0.68099 0.556315 0.204572 0.117839
4 0.638166 0.669162 0.216725 0.115668
7 0.599103 0.306207 0.213252 0.088542
4 0.468171 0.674154 0.136574 0.112196
7 0.585214 0.420573 0.210938 0.088976
8 0.809606 0.369249 0.190394 0.217231
7 0.355758 0.396701 0.206308 0.105035
5 0.804977 0.898872 0.200231 0.105469
5 0.446036 0.908203 0.135706 0.096354
0 0.512587 0.557834 0.136863 0.110026
6 0.623987 0.79872 0.172164 0.122613
5 0.611545 0.908854 0.197627 0.106337
6 0.811632 0.791775 0.193287 0.103082
11 0.368779 0.55447 0.055845 0.038628
6 0.455874 0.802083 0.157118 0.111545
11 0.377459 0.598741 0.05353 0.043403
