11 0.761285 0.349537 0.050347 0.065972
11 0.671441 0.162616 0.056424 0.06713
7 0.802083 0.853009 0.222222 0.197917
7 0.589844 0.841435 0.203993 0.190972
7 0.393663 0.814236 0.184896 0.18287
7 0.393663 0.618056 0.188368 0.172454
7 0.592014 0.655671 0.201389 0.196759
7 0.804688 0.664352 0.215278 0.21412
7 0.825955 0.479745 0.221354 0.217593
7 0.604167 0.462963 0.197917 0.21875
7 0.40408 0.428241 0.18316 0.209491
7 0.431858 0.251736 0.179688 0.185185
7 0.62717 0.287616 0.205729 0.201389
7 0.868056 0.21412 0.223958 0.188657
0 0.229167 0.289931 0.175347 0.206019
0 0.21658 0.393519 0.16059 0.121528
4 0.206163 0.636574 0.167535 0.209491
4 0.196181 0.732639 0.166667 0.119213
4 0.197917 0.811343 0.170139 0.153935
