4 0.172852 0.298900 0.136502 0.214699
0 0.224392 0.811777 0.202691 0.192419
7 0.365885 0.337674 0.150174 0.188079
5 0.612088 0.457465 0.125217 0.125000
6 0.550781 0.334057 0.105903 0.143229
9 0.501194 0.841580 0.226345 0.282697
7 0.104818 0.567130 0.181424 0.270255
0 0.222222 0.680266 0.154080 0.140625
9 0.648438 0.704861 0.149740 0.314815
8 0.357096 0.149740 0.212457 0.188947
7 0.490560 0.632523 0.137370 0.163773
7 0.469944 0.466580 0.143446 0.187211
11 0.446398 0.881800 0.039497 0.062211
11 0.331706 0.552228 0.044488 0.055845
0 0.332248 0.576823 0.161458 0.187211
4 0.251194 0.311198 0.101345 0.224248
11 0.132812 0.269097 0.043403 0.055556
11 0.475911 0.480035 0.031684 0.043403
11 0.503906 0.643519 0.039062 0.056713
0 0.299154 0.638021 0.168186 0.183449
6 0.597873 0.365451 0.118490 0.089120
