1 0.786603 0.434896 0.25897 0.151476
0 0.357205 0.71441 0.139757 0.13151
4 0.2636 0.293077 0.146412 0.16428
7 0.723669 0.661567 0.224537 0.170356
7 0.220631 0.584201 0.194155 0.133681
6 0.40408 0.514648 0.19647 0.134766
1 0.650029 0.261393 0.253183 0.152561
7 0.200521 0.733398 0.171875 0.139974
7 0.134115 0.363715 0.16059 0.153646
5 0.542969 0.382595 0.153067 0.117622
4 0.379919 0.226128 0.163773 0.141493
7 0.194734 0.468207 0.191551 0.107856
7 0.593605 0.778537 0.22772 0.130425
0 0.466725 0.646593 0.182292 0.128255
11 0.659867 0.217122 0.061632 0.039714
11 0.360388 0.284071 0.063368 0.048611
0 0.423322 0.679253 0.101273 0.142795
11 0.60055 0.752496 0.048322 0.027995
2 0.748843 0.535373 0.248264 0.106771
4 0.345631 0.25651 0.119502 0.151042
11 0.206308 0.606337 0.041088 0.032552
6 0.546007 0.508898 0.152778 0.115451
5 0.406105 0.418186 0.186632 0.109375
11 0.488281 0.666016 0.046007 0.03776
