11 0.650463 0.761285 0.065972 0.050347
11 0.837384 0.671441 0.06713 0.056424
7 0.146991 0.802083 0.197917 0.222222
7 0.158565 0.589844 0.190972 0.203993
7 0.185764 0.393663 0.18287 0.184896
7 0.381944 0.393663 0.172454 0.188368
7 0.344329 0.592014 0.196759 0.201389
7 0.335648 0.804688 0.21412 0.215278
7 0.520255 0.825955 0.217593 0.221354
7 0.537037 0.604167 0.21875 0.197917
7 0.571759 0.40408 0.209491 0.18316
7 0.748264 0.431858 0.185185 0.179688
7 0.712384 0.62717 0.201389 0.205729
7 0.78588 0.868056 0.188657 0.223958
0 0.710069 0.229167 0.206019 0.175347
0 0.606481 0.21658 0.121528 0.16059
4 0.363426 0.206163 0.209491 0.167535
4 0.267361 0.196181 0.119213 0.166667
4 0.188657 0.197917 0.153935 0.170139
