10 0.494502 0.219835 0.250579 0.144531
11 0.549334 0.30306 0.078414 0.048828
8 0.788628 0.208984 0.265336 0.267795
7 0.246238 0.339627 0.217014 0.131076
7 0.552951 0.43457 0.278356 0.136502
7 0.849682 0.431641 0.300637 0.142361
3 0.44864 0.595595 0.269965 0.134766
1 0.428241 0.738824 0.272569 0.144748
1 0.421586 0.859592 0.266204 0.123698
6 0.141927 0.511936 0.225405 0.131944
5 0.139468 0.699544 0.225694 0.138238
5 0.136429 0.611871 0.224248 0.083984
0 0.817708 0.626736 0.33044 0.171875
0 0.777922 0.728516 0.313368 0.10026
0 0.769387 0.818902 0.308449 0.118273
0 0.796586 0.920681 0.331597 0.115668
