4 0.8227 0.185764 0.141493 0.220486
9 0.791884 0.602865 0.184028 0.193576
7 0.546224 0.408709 0.103299 0.175637
9 0.852865 0.396846 0.190538 0.205729
4 0.624783 0.161603 0.145399 0.250868
5 0.430881 0.407118 0.103082 0.190972
1 0.409722 0.59375 0.092448 0.160301
7 0.664714 0.382378 0.108941 0.206308
7 0.564345 0.610822 0.113498 0.18287
0 0.174479 0.499711 0.12934 0.203125
4 0.168945 0.254196 0.115234 0.19647
5 0.434679 0.157986 0.105035 0.219907
0 0.297201 0.598235 0.122179 0.180845
6 0.321072 0.369792 0.119141 0.20081
6 0.330946 0.157697 0.108941 0.223958
11 0.082248 0.63151 0.038194 0.047164
11 0.192925 0.661169 0.033854 0.043981
