8 0.566840 0.791667 0.294271 0.305556
8 0.282118 0.843171 0.235243 0.237269
9 0.175347 0.542824 0.219618 0.219907
10 0.341580 0.401042 0.118056 0.253472
1 0.487847 0.458333 0.138021 0.275463
1 0.454861 0.332755 0.124132 0.267361
2 0.644097 0.442130 0.146701 0.287037
2 0.584635 0.351273 0.128472 0.271991
3 0.730469 0.359375 0.142361 0.290509
11 0.219184 0.377894 0.041667 0.059028
11 0.332031 0.701389 0.043403 0.060185
11 0.716580 0.918403 0.052083 0.068287
11 0.767361 0.728009 0.046007 0.071759
11 0.746094 0.611111 0.052083 0.071759
