0 0.251302 0.446904 0.141493 0.254919
7 0.449653 0.397714 0.127604 0.277488
2 0.355252 0.727865 0.130642 0.290799
3 0.495768 0.747541 0.178602 0.26765
1 0.227865 0.735388 0.15408 0.30353
3 0.791124 0.408999 0.159071 0.221933
1 0.632378 0.412037 0.145399 0.269676
3 0.739149 0.762008 0.172743 0.261285
5 0.612305 0.14728 0.11697 0.229745
7 0.456597 0.147569 0.125434 0.259259
6 0.774523 0.16059 0.151042 0.266204
0 0.259983 0.129485 0.120226 0.097512
0 0.267036 0.287326 0.119141 0.08912
0 0.268121 0.209057 0.120009 0.078993
