4 0.50897 0.519206 0.240162 0.129991
0 0.517361 0.303385 0.260995 0.078559
7 0.257234 0.376845 0.206597 0.113932
7 0.234086 0.134657 0.244213 0.128255
7 0.246817 0.259549 0.215856 0.122396
7 0.260417 0.605252 0.206597 0.114149
7 0.286024 0.715061 0.19647 0.109809
0 0.505208 0.369792 0.251736 0.065104
4 0.505498 0.151367 0.243056 0.082682
7 0.255642 0.489583 0.216146 0.109809
0 0.518519 0.234701 0.260417 0.08138
4 0.507378 0.434245 0.233507 0.067708
11 0.446759 0.522135 0.049769 0.044271
11 0.496528 0.231337 0.061343 0.051215
11 0.207755 0.110243 0.055556 0.050347
11 0.226852 0.485677 0.047454 0.037326
11 0.228588 0.695747 0.055556 0.037326
