11 0.331597 0.430122 0.056713 0.046875
11 0.62963 0.300781 0.060185 0.039931
11 0.453125 0.81684 0.061343 0.042535
11 0.349537 0.835503 0.064815 0.045139
11 0.177083 0.798611 0.060185 0.047743
8 0.276042 0.655382 0.251157 0.269965
8 0.197917 0.381076 0.222222 0.243924
9 0.469329 0.256944 0.22338 0.242188
10 0.615741 0.427083 0.24537 0.118924
1 0.571759 0.571181 0.256944 0.141493
1 0.684028 0.528212 0.259259 0.118056
2 0.594329 0.715712 0.267361 0.142361
2 0.676505 0.65408 0.248843 0.118056
3 0.679398 0.785156 0.24537 0.119792
