4 0.743634 0.267795 0.233796 0.306424
4 0.702546 0.455295 0.234954 0.087674
4 0.756944 0.528646 0.239583 0.092014
4 0.759259 0.599392 0.232639 0.091146
4 0.782986 0.673177 0.233796 0.094618
4 0.761574 0.751736 0.232639 0.102431
4 0.756366 0.830295 0.224537 0.092882
4 0.742477 0.907986 0.224537 0.086806
0 0.283565 0.213976 0.278935 0.337674
0 0.30787 0.419271 0.267361 0.098958
0 0.329282 0.513021 0.25463 0.095486
0 0.335069 0.596788 0.263889 0.087674
0 0.333912 0.687934 0.270833 0.108507
0 0.311343 0.785156 0.271991 0.09809
0 0.303241 0.863281 0.28125 0.08941
0 0.311343 0.935764 0.267361 0.078125
