10 0.273763 0.848669 0.210720 0.302662
11 0.546441 0.530671 0.049479 0.067130
11 0.588108 0.500579 0.044271 0.064815
11 0.502604 0.095486 0.048611 0.067130
11 0.336806 0.116319 0.048611 0.078704
3 0.550781 0.301505 0.153646 0.254630
2 0.409288 0.409722 0.150174 0.265046
2 0.349826 0.326389 0.140625 0.237269
1 0.227431 0.392361 0.180556 0.244213
1 0.220486 0.548611 0.222222 0.304398
5 0.435764 0.763310 0.222222 0.347222
5 0.532118 0.716435 0.145833 0.302083
6 0.651910 0.701389 0.119792 0.290509
6 0.725694 0.729167 0.112847 0.297454
6 0.818576 0.795718 0.142361 0.333333
