0 0.842303 0.321615 0.20544 0.140625
1 0.545428 0.330946 0.214699 0.161892
9 0.205584 0.858398 0.32147 0.256727
7 0.348814 0.321506 0.223669 0.185981
3 0.595052 0.489149 0.233507 0.134549
7 0.454138 0.159831 0.236979 0.145616
11 0.314525 0.731228 0.060185 0.042752
0 0.794126 0.527452 0.171007 0.170356
0 0.913628 0.478082 0.149595 0.16059
7 0.724537 0.662435 0.236111 0.154731
8 0.169994 0.214952 0.330729 0.250651
10 0.299334 0.543837 0.263021 0.161024
7 0.673611 0.203885 0.220486 0.168186
11 0.781829 0.503689 0.050926 0.03342
11 0.632812 0.495985 0.045139 0.037977
0 0.878762 0.516602 0.078125 0.158203
2 0.648582 0.398003 0.153067 0.107639
