0 0.489149 0.089265 0.133247 0.177951
1 0.483615 0.387008 0.173394 0.256655
7 0.773872 0.335359 0.117622 0.187500
7 0.454102 0.603009 0.184679 0.277199
7 0.338108 0.183160 0.197049 0.233796
7 0.258898 0.423466 0.197917 0.284433
8 0.303928 0.781539 0.312717 0.412037
10 0.674913 0.699219 0.157118 0.265914
3 0.631944 0.379919 0.131076 0.258102
11 0.822917 0.709925 0.037760 0.055266
0 0.632378 0.081019 0.131510 0.122685
9 0.896050 0.829138 0.141927 0.238137
2 0.556749 0.315972 0.112196 0.159144
0 0.664388 0.129774 0.132161 0.111979
0 0.672092 0.208189 0.140191 0.169850
11 0.660373 0.211227 0.033420 0.045718
11 0.646267 0.347946 0.032552 0.049479
