6 0.409722 0.183485 0.251736 0.153429
7 0.178819 0.319336 0.276042 0.179036
0 0.820168 0.727322 0.248553 0.14605
6 0.668403 0.205404 0.249421 0.136502
7 0.525752 0.364475 0.280671 0.215061
4 0.183594 0.6977 0.27228 0.121962
7 0.818576 0.559787 0.226273 0.152127
7 0.391782 0.495334 0.269676 0.142578
7 0.551794 0.663194 0.248843 0.122396
7 0.809462 0.379991 0.241609 0.172743
11 0.601852 0.531033 0.065972 0.045573
11 0.369502 0.770725 0.060185 0.041884
11 0.161748 0.575521 0.071759 0.047309
11 0.657986 0.316081 0.063079 0.042318
11 0.567419 0.808268 0.065972 0.045356
