7 0.764865 0.619068 0.103082 0.213252
7 0.651693 0.593461 0.102431 0.226852
0 0.514214 0.68967 0.130425 0.225405
5 0.101562 0.59809 0.123698 0.214699
4 0.389757 0.640914 0.118924 0.238426
7 0.898763 0.631366 0.103082 0.20544
7 0.664171 0.371383 0.097005 0.198785
5 0.089084 0.849103 0.144314 0.266493
6 0.226128 0.843027 0.151476 0.266493
8 0.71441 0.851707 0.229167 0.203993
5 0.12793 0.410012 0.138238 0.148727
4 0.390516 0.454572 0.119575 0.144097
0 0.509115 0.50897 0.114583 0.136574
11 0.471788 0.375145 0.03559 0.051794
6 0.252604 0.434606 0.12283 0.173611
6 0.239149 0.619936 0.12283 0.190683
11 0.513889 0.368924 0.040799 0.056134
