0 0.194010 0.152633 0.103299 0.232350
0 0.256727 0.170428 0.094618 0.226852
0 0.359701 0.160301 0.114800 0.233218
3 0.323459 0.492043 0.113932 0.213252
2 0.437391 0.495515 0.110894 0.214988
1 0.554253 0.466146 0.124132 0.224537
4 0.589084 0.158420 0.119141 0.242188
4 0.679905 0.181713 0.082031 0.250000
4 0.751411 0.217448 0.094835 0.254340
4 0.801432 0.238571 0.098524 0.247396
7 0.813260 0.659288 0.182943 0.250868
7 0.697157 0.748409 0.169054 0.237558
5 0.349718 0.770689 0.113064 0.199942
5 0.384766 0.910156 0.103299 0.094618
6 0.267144 0.864149 0.108507 0.181424
