7 0.25434 0.737847 0.215856 0.097222
7 0.187645 0.589301 0.229456 0.107856
2 0.418692 0.675998 0.219907 0.099826
1 0.428819 0.566189 0.233218 0.11849
3 0.453704 0.379015 0.243056 0.132161
4 0.641927 0.786241 0.250868 0.148003
4 0.683015 0.553711 0.259549 0.135634
4 0.642216 0.422743 0.247975 0.132812
4 0.863137 0.272895 0.255208 0.162977
0 0.628183 0.282335 0.269097 0.153212
0 0.812355 0.398763 0.251447 0.129557
0 0.614583 0.145074 0.299769 0.171658
6 0.239294 0.244575 0.240162 0.135417
5 0.192998 0.367296 0.233218 0.121745
5 0.241464 0.501085 0.23235 0.117188
