7 0.416450 0.754196 0.214410 0.179109
6 0.670681 0.803675 0.214193 0.215567
7 0.172201 0.350984 0.234158 0.189815
7 0.191949 0.762587 0.260200 0.199942
7 0.402669 0.392072 0.205512 0.178819
7 0.182292 0.568866 0.256076 0.204861
7 0.413411 0.565249 0.213542 0.169271
5 0.662977 0.560764 0.177951 0.121528
5 0.630534 0.450087 0.201172 0.157118
11 0.525716 0.214120 0.042318 0.060185
11 0.332357 0.194734 0.045356 0.052662
6 0.677083 0.680556 0.192708 0.123843
11 0.644531 0.414352 0.044271 0.056713
11 0.412326 0.409722 0.045139 0.063657
11 0.422743 0.597222 0.046875 0.056713
11 0.676649 0.818866 0.046007 0.064815
