11 0.572049 0.277778 0.043403 0.049769
11 0.521267 0.298611 0.037326 0.042824
10 0.279514 0.847801 0.210069 0.203704
4 0.293403 0.615741 0.090278 0.149306
4 0.371094 0.607060 0.066840 0.143519
4 0.427517 0.627894 0.072049 0.150463
4 0.493490 0.628472 0.065104 0.144676
4 0.550781 0.620370 0.052951 0.156250
4 0.602431 0.635417 0.060764 0.163194
4 0.661458 0.648727 0.071181 0.166667
4 0.789931 0.620949 0.222222 0.180556
0 0.342014 0.411458 0.062500 0.125000
0 0.398438 0.406250 0.057292 0.126157
0 0.454427 0.402778 0.059896 0.123843
0 0.508681 0.417245 0.059028 0.129630
0 0.569878 0.406829 0.065104 0.131944
0 0.622830 0.401042 0.063368 0.136574
0 0.682726 0.385995 0.070312 0.127315
0 0.804253 0.382523 0.202257 0.143519
