7 0.4375 0.704861 0.282986 0.199653
7 0.672743 0.282444 0.21875 0.140408
7 0.712384 0.741102 0.288773 0.211806
4 0.165509 0.677734 0.236111 0.198351
4 0.21875 0.527235 0.234375 0.088325
5 0.472656 0.40701 0.194155 0.130425
8 0.777633 0.446181 0.348669 0.240451
5 0.382957 0.27398 0.203993 0.124349
11 0.52662 0.555881 0.058449 0.044488
11 0.753472 0.40701 0.051505 0.037977
11 0.285446 0.609918 0.057581 0.041016
4 0.223814 0.602431 0.24103 0.121094
4 0.195312 0.45855 0.184028 0.078125
6 0.353443 0.430773 0.157118 0.14974
6 0.463831 0.317491 0.199653 0.121528
