3 0.119358 0.570023 0.179688 0.337963
3 0.131944 0.769676 0.149306 0.177083
2 0.315972 0.56713 0.194444 0.329861
2 0.311198 0.769097 0.165799 0.162037
1 0.498698 0.581019 0.167535 0.311343
1 0.480469 0.763889 0.162326 0.181713
6 0.703993 0.800926 0.144097 0.109954
6 0.68967 0.681713 0.164062 0.146991
6 0.670573 0.458912 0.195312 0.335648
5 0.861111 0.771412 0.151042 0.141204
5 0.878906 0.618056 0.16059 0.195602
5 0.890625 0.41088 0.194444 0.364583
11 0.471354 0.364583 0.0625 0.082176
11 0.273003 0.326968 0.065104 0.083333
