4 0.500651 0.567708 0.125434 0.255787
7 0.635417 0.285301 0.130642 0.244213
0 0.659397 0.558015 0.069661 0.262442
7 0.389648 0.301360 0.118273 0.212674
0 0.726345 0.563802 0.078993 0.269965
7 0.904405 0.247975 0.137804 0.276620
7 0.269965 0.335214 0.119358 0.216146
7 0.767036 0.267940 0.129557 0.263310
4 0.588325 0.564381 0.075087 0.244502
4 0.886502 0.546152 0.093316 0.276910
0 0.802951 0.564670 0.081597 0.268808
7 0.514214 0.288773 0.116536 0.260995
11 0.494792 0.504630 0.043403 0.054398
11 0.805122 0.544560 0.047743 0.062500
11 0.927951 0.218750 0.046875 0.065972
11 0.516927 0.260417 0.035590 0.056713
11 0.282986 0.270833 0.043403 0.052083
