5 0.566732 0.571470 0.131727 0.258102
4 0.523438 0.895833 0.164931 0.203125
0 0.282444 0.867766 0.200304 0.242477
11 0.222765 0.253906 0.058377 0.071470
6 0.397135 0.525752 0.212240 0.281250
3 0.741753 0.548611 0.115017 0.214120
3 0.633898 0.315394 0.189236 0.267940
1 0.870985 0.454716 0.130425 0.190683
7 0.904622 0.304977 0.130425 0.195023
11 0.597656 0.521991 0.039062 0.050926
11 0.665148 0.343171 0.042969 0.062500
3 0.244683 0.216146 0.282335 0.303241
11 0.949978 0.322627 0.040148 0.056134
4 0.566732 0.843605 0.139106 0.136285
11 0.274197 0.942998 0.049696 0.053241
11 0.363715 0.542245 0.056858 0.056713
11 0.723633 0.607205 0.038845 0.054109
2 0.825412 0.546296 0.090495 0.156829
2 0.314019 0.363715 0.172743 0.220486
6 0.455078 0.609664 0.127604 0.191551
