6 0.588397 0.62934 0.220197 0.105035
4 0.189091 0.673611 0.26765 0.117188
0 0.226418 0.79286 0.243345 0.118273
2 0.857205 0.352431 0.2636 0.132812
10 0.52228 0.376628 0.260995 0.148655
4 0.172309 0.275933 0.314525 0.155599
5 0.352575 0.529839 0.270544 0.119575
7 0.502459 0.737088 0.214988 0.094835
5 0.626447 0.520291 0.241898 0.108724
7 0.738426 0.731554 0.19213 0.081597
5 0.742043 0.195421 0.274016 0.151259
11 0.264034 0.421766 0.074363 0.046658
11 0.810764 0.635525 0.050926 0.036241
3 0.886863 0.496745 0.223958 0.140191
