0 0.89048 0.290799 0.211516 0.248698
7 0.800781 0.652669 0.229456 0.20638
6 0.45081 0.640082 0.290509 0.154297
7 0.257812 0.272569 0.324074 0.283854
7 0.550347 0.465929 0.29919 0.244358
7 0.160156 0.737305 0.223669 0.211155
5 0.542679 0.817166 0.299479 0.142578
11 0.39974 0.144206 0.077257 0.063585
11 0.174334 0.515082 0.073206 0.054905
6 0.473814 0.746745 0.2636 0.102431
0 0.80136 0.282444 0.141493 0.24197
0 0.652633 0.313911 0.180845 0.211589
10 0.440828 0.139106 0.346354 0.276042
7 0.172598 0.515408 0.337095 0.22092
