7 0.159180 0.395399 0.097873 0.209780
0 0.556315 0.319010 0.117839 0.204572
4 0.669162 0.361834 0.115668 0.216725
7 0.306207 0.400897 0.088542 0.213252
4 0.674154 0.531829 0.112196 0.136574
7 0.420573 0.414786 0.088976 0.210938
8 0.369249 0.190394 0.217231 0.190394
7 0.396701 0.644242 0.105035 0.206308
5 0.898872 0.195023 0.105469 0.200231
5 0.908203 0.553964 0.096354 0.135706
0 0.557834 0.487413 0.110026 0.136863
6 0.798720 0.376013 0.122613 0.172164
5 0.908854 0.388455 0.106337 0.197627
6 0.791775 0.188368 0.103082 0.193287
11 0.554470 0.631221 0.038628 0.055845
6 0.802083 0.544126 0.111545 0.157118
11 0.598741 0.622541 0.043403 0.053530
