10 0.127604 0.73669 0.161458 0.224537
3 0.226997 0.50463 0.141493 0.179398
3 0.220052 0.311343 0.174479 0.318287
2 0.390191 0.490741 0.136285 0.158565
2 0.398003 0.295718 0.172743 0.300926
1 0.527344 0.465278 0.12066 0.158565
1 0.552083 0.292245 0.130208 0.266204
6 0.694444 0.47338 0.098958 0.09838
6 0.690972 0.375 0.107639 0.135417
6 0.682292 0.174769 0.126736 0.288194
5 0.801215 0.434028 0.090278 0.114583
5 0.814236 0.309028 0.100694 0.149306
5 0.830729 0.14294 0.125 0.275463
11 0.538628 0.100116 0.046007 0.078704
11 0.378038 0.068866 0.054688 0.083333
