1 0.143338 0.604601 0.186849 0.213831
4 0.548286 0.168113 0.171224 0.267361
5 0.502062 0.516059 0.136502 0.235243
0 0.782444 0.271557 0.182075 0.238137
6 0.671549 0.577691 0.185113 0.231771
3 0.304905 0.512153 0.134549 0.242477
2 0.741102 0.735243 0.157552 0.197338
11 0.799696 0.199653 0.042969 0.066551
3 0.452582 0.760127 0.194227 0.243634
11 0.810438 0.813947 0.058377 0.070602
11 0.425022 0.737558 0.042752 0.060764
7 0.119141 0.752749 0.186198 0.223090
2 0.195964 0.504196 0.128472 0.190683
11 0.332899 0.461661 0.038628 0.065104
11 0.481662 0.571036 0.040148 0.054109
11 0.708984 0.577546 0.035156 0.052662
3 0.789497 0.819155 0.190538 0.218171
6 0.633681 0.479311 0.131944 0.153067
4 0.481011 0.220775 0.113064 0.207176
11 0.070855 0.744213 0.038845 0.044560
