7 0.23886 0.221463 0.164641 0.212891
7 0.348814 0.432183 0.165799 0.198134
7 0.60952 0.259983 0.229456 0.245226
6 0.144242 0.569553 0.147859 0.173394
7 0.21224 0.397352 0.15191 0.171441
7 0.399161 0.228082 0.20978 0.22526
7 0.510417 0.467773 0.199653 0.189453
5 0.308449 0.6301 0.092014 0.158203
11 0.733796 0.446072 0.060764 0.04579
11 0.651476 0.636176 0.061632 0.045356
11 0.474537 0.464518 0.066551 0.053602
5 0.40408 0.636068 0.125868 0.168837
11 0.319155 0.424479 0.054398 0.043403
11 0.421007 0.656793 0.049769 0.041016
6 0.222656 0.601128 0.104456 0.141493
11 0.130208 0.56033 0.048611 0.03559
