10 0.198351 0.347801 0.108507 0.215278
11 0.611111 0.487269 0.036458 0.054398
11 0.638455 0.552083 0.035590 0.054398
4 0.338976 0.303241 0.108507 0.093750
4 0.350260 0.380787 0.106771 0.070602
4 0.351128 0.451389 0.110243 0.089120
4 0.361545 0.527199 0.111979 0.064815
4 0.374566 0.585648 0.111979 0.065972
4 0.371528 0.648727 0.105903 0.071759
4 0.369792 0.719907 0.109375 0.082176
4 0.410156 0.861690 0.148438 0.261574
0 0.492622 0.293981 0.101562 0.072917
0 0.502604 0.355903 0.102431 0.067130
0 0.510851 0.426505 0.103299 0.085648
0 0.511719 0.498264 0.111979 0.090278
0 0.529514 0.561921 0.109375 0.087963
0 0.546441 0.634259 0.111979 0.079861
0 0.561198 0.703704 0.103299 0.079861
0 0.591146 0.861690 0.147569 0.238426
