0 0.555122 0.558702 0.232928 0.177734
4 0.507812 0.239583 0.225116 0.142795
2 0.257523 0.690972 0.209491 0.116753
6 0.802083 0.465169 0.264468 0.17296
1 0.246672 0.533095 0.208623 0.11697
6 0.727286 0.311957 0.258391 0.181207
0 0.779514 0.654731 0.265046 0.131944
7 0.470197 0.433268 0.225694 0.136068
1 0.297309 0.361437 0.214988 0.123481
8 0.525897 0.83355 0.300637 0.255208
11 0.435619 0.663411 0.045428 0.043837
5 0.217303 0.232747 0.212963 0.123047
11 0.236834 0.459527 0.046586 0.038845
11 0.63614 0.679579 0.049479 0.038411
