6 0.795428 0.749023 0.155671 0.14822
5 0.759983 0.642036 0.204572 0.136068
5 0.660156 0.347656 0.258391 0.157986
5 0.436198 0.585178 0.255498 0.124349
0 0.624421 0.590495 0.216435 0.12717
0 0.715567 0.499132 0.163773 0.166233
0 0.394821 0.704536 0.222512 0.143012
4 0.574942 0.761393 0.1875 0.147352
4 0.466291 0.763672 0.211516 0.107205
4 0.149306 0.644314 0.216435 0.174913
4 0.318432 0.410048 0.273438 0.158637
7 0.759115 0.20128 0.2364 0.151259
7 0.515046 0.46658 0.241319 0.132378
7 0.241609 0.776367 0.249421 0.143012
7 0.200231 0.868815 0.250579 0.115234
3 0.198785 0.526476 0.26331 0.121962
1 0.278646 0.240234 0.28125 0.163194
2 0.543547 0.179253 0.266493 0.241753
5 0.678241 0.066189 0.272569 0.131076
7 0.896701 0.433594 0.202546 0.125
