7 0.588252 0.142578 0.230903 0.142361
7 0.573206 0.430013 0.210648 0.107422
5 0.621817 0.889757 0.188657 0.096788
0 0.679977 0.567274 0.216435 0.113715
5 0.820312 0.907878 0.217014 0.105252
5 0.476562 0.874349 0.115162 0.096788
4 0.639757 0.6773 0.212384 0.111545
4 0.478299 0.672418 0.12963 0.101345
7 0.585938 0.305664 0.223958 0.107422
7 0.35706 0.414714 0.16088 0.111979
6 0.482928 0.782661 0.135995 0.104818
6 0.822627 0.808485 0.223958 0.111762
0 0.510561 0.566298 0.12934 0.10829
6 0.630787 0.793945 0.16956 0.115668
8 0.826968 0.361437 0.229745 0.244575
11 0.394676 0.602865 0.04919 0.031684
11 0.38151 0.563694 0.055845 0.035807
