6 0.125289 0.556315 0.243634 0.17947
6 0.191117 0.718316 0.257812 0.188368
0 0.141927 0.355903 0.276331 0.142795
1 0.6807 0.680664 0.228877 0.136936
4 0.430556 0.809462 0.262731 0.153646
1 0.746383 0.481554 0.253183 0.129774
7 0.474826 0.595378 0.280093 0.164714
5 0.78125 0.836589 0.262153 0.136285
0 0.379196 0.45421 0.260127 0.200521
2 0.728877 0.296007 0.270833 0.143663
8 0.409288 0.149631 0.355035 0.26237
11 0.509983 0.334744 0.055266 0.054036
11 0.753328 0.565213 0.057002 0.042752
11 0.287471 0.324002 0.055266 0.041233
