4 0.680990 0.297309 0.179253 0.168692
0 0.240017 0.417245 0.148438 0.158565
4 0.741102 0.425926 0.144531 0.183449
5 0.556641 0.472512 0.115451 0.233218
7 0.340929 0.777344 0.152344 0.199942
2 0.457357 0.800926 0.113064 0.217014
6 0.456814 0.458044 0.127604 0.225116
1 0.704102 0.687645 0.141710 0.227141
7 0.191081 0.228588 0.159505 0.193287
7 0.366102 0.251013 0.143663 0.265914
7 0.608832 0.139902 0.178602 0.203993
5 0.596788 0.605903 0.119358 0.132523
11 0.311306 0.563947 0.041884 0.051505
7 0.203451 0.668547 0.131293 0.227720
11 0.336806 0.239005 0.041667 0.060185
7 0.495985 0.217593 0.123047 0.233218
11 0.239800 0.679977 0.036024 0.056713
11 0.742405 0.704138 0.038628 0.061632
11 0.686089 0.417390 0.041884 0.070891
4 0.720378 0.388455 0.148655 0.139757
1 0.554905 0.808883 0.137587 0.209780
0 0.282444 0.499277 0.136502 0.108507
0 0.326063 0.544271 0.101345 0.177083
6 0.475369 0.596933 0.106988 0.159144
