6 0.582791 0.711516 0.129557 0.240162
0 0.139106 0.528356 0.126302 0.104167
7 0.395942 0.245804 0.119141 0.239873
9 0.805664 0.601128 0.240668 0.20978
4 0.27474 0.467448 0.122396 0.108507
0 0.140625 0.455006 0.122396 0.065104
7 0.27615 0.220486 0.11697 0.221644
4 0.260091 0.74103 0.141276 0.270255
0 0.129883 0.709346 0.136936 0.274595
5 0.424479 0.760127 0.12066 0.271991
7 0.150391 0.236111 0.132378 0.248843
7 0.626845 0.251157 0.1148 0.226273
7 0.514214 0.232784 0.1148 0.22772
4 0.280599 0.568432 0.123264 0.091725
11 0.637587 0.496817 0.046875 0.056713
11 0.585178 0.529803 0.040148 0.049769
8 0.823025 0.337674 0.225477 0.226852
