7 0.394242 0.59082 0.202836 0.097439
4 0.340133 0.351237 0.207465 0.113498
5 0.172454 0.112196 0.226273 0.11849
7 0.599248 0.611003 0.180556 0.100043
7 0.373843 0.705078 0.202546 0.104601
5 0.528501 0.140191 0.122396 0.105469
5 0.375579 0.125109 0.185185 0.107856
7 0.366609 0.849609 0.209491 0.098958
8 0.159288 0.651476 0.202257 0.232205
4 0.508681 0.35395 0.127315 0.099826
0 0.300492 0.465061 0.208044 0.112413
6 0.358362 0.226997 0.158275 0.115451
6 0.17173 0.216037 0.216146 0.115234
11 0.585648 0.427843 0.04456 0.038411
11 0.591435 0.467448 0.053241 0.034722
0 0.467303 0.462782 0.123264 0.100477
6 0.512876 0.237739 0.1386 0.110026
