6 0.405382 0.583478 0.111979 0.230035
0 0.208225 0.201534 0.156467 0.285012
2 0.694661 0.786458 0.128906 0.23206
4 0.365343 0.171152 0.127387 0.246238
7 0.271918 0.502459 0.130642 0.239294
5 0.522352 0.334057 0.119358 0.264757
4 0.761719 0.173756 0.125868 0.249132
5 0.527669 0.600116 0.116536 0.241319
11 0.39388 0.822193 0.037326 0.054109
10 0.672635 0.480758 0.132161 0.22309
5 0.832791 0.650897 0.123481 0.253762
7 0.274523 0.771412 0.121528 0.225694
11 0.636393 0.245804 0.043186 0.063947
3 0.546115 0.855758 0.166884 0.233507
