1 0.377459 0.185004 0.264757 0.245009
4 0.803964 0.621202 0.251447 0.132595
3 0.477431 0.380208 0.255787 0.151476
0 0.67853 0.802951 0.220486 0.12066
6 0.412326 0.729384 0.234375 0.144531
5 0.472512 0.582682 0.240162 0.119358
11 0.194444 0.090603 0.058449 0.055339
2 0.250723 0.789931 0.238715 0.137153
11 0.244936 0.515082 0.066262 0.051866
3 0.221788 0.53201 0.248553 0.181207
11 0.743634 0.814128 0.056713 0.04145
11 0.202402 0.838433 0.07147 0.042752
11 0.415509 0.756727 0.059606 0.03776
4 0.772714 0.569661 0.194155 0.095052
6 0.5068 0.694878 0.149595 0.099392
3 0.191406 0.828451 0.198785 0.127387
2 0.499421 0.254991 0.200231 0.149306
11 0.533854 0.417535 0.059028 0.045139
7 0.194444 0.142687 0.260417 0.253255
11 0.420573 0.56684 0.049479 0.043403
