5 0.316081 0.640046 0.14605 0.282986
0 0.852214 0.599392 0.161458 0.281539
6 0.473416 0.628472 0.155599 0.313657
4 0.599935 0.323785 0.123915 0.076968
4 0.625977 0.448929 0.129991 0.085938
4 0.648872 0.768808 0.158854 0.322338
7 0.144965 0.661169 0.167969 0.322338
5 0.289062 0.427951 0.129774 0.124421
4 0.623698 0.520978 0.126302 0.051794
11 0.297635 0.57147 0.05013 0.073495
6 0.432075 0.430266 0.157986 0.145833
4 0.604926 0.386863 0.126085 0.054977
0 0.814128 0.405382 0.141276 0.101273
4 0.632921 0.579282 0.131293 0.065394
0 0.804688 0.323495 0.135417 0.079861
11 0.1352 0.695312 0.0625 0.076968
7 0.109266 0.454427 0.154731 0.15191
