4 0.778863 0.558304 0.105903 0.182581
5 0.364800 0.515625 0.161892 0.171875
7 0.629991 0.570023 0.144965 0.211227
9 0.479601 0.140191 0.196615 0.239294
0 0.685330 0.187934 0.127604 0.106771
7 0.774740 0.340712 0.077691 0.177373
8 0.653537 0.797743 0.212457 0.308449
6 0.446181 0.639323 0.149740 0.198206
7 0.495443 0.313223 0.152344 0.153646
0 0.636936 0.356771 0.123698 0.151042
9 0.323025 0.254196 0.193359 0.275174
0 0.696398 0.265046 0.096354 0.082176
6 0.390299 0.614728 0.160807 0.139757
11 0.500109 0.298322 0.033203 0.044560
11 0.531684 0.446036 0.031684 0.050637
11 0.813802 0.560764 0.029948 0.043403
7 0.535373 0.464410 0.140191 0.202546
11 0.644314 0.362124 0.030816 0.049479
4 0.739909 0.569300 0.080512 0.178530
0 0.648872 0.287182 0.123264 0.135127
11 0.539062 0.120515 0.029948 0.046007
