7 0.360026 0.547888 0.138455 0.228877
7 0.266276 0.246094 0.155382 0.271701
5 0.618164 0.806424 0.130425 0.194444
7 0.521593 0.566696 0.109592 0.208623
0 0.646159 0.257523 0.131727 0.266782
7 0.663194 0.534288 0.124132 0.22309
0 0.467448 0.194589 0.12283 0.2636
3 0.321181 0.756944 0.184896 0.18287
1 0.837565 0.372251 0.125651 0.249132
1 0.187174 0.493345 0.116536 0.233218
7 0.766819 0.649595 0.147352 0.238426
11 0.275499 0.681279 0.038845 0.051794
6 0.438802 0.840856 0.15842 0.192708
11 0.202799 0.668403 0.036675 0.056713
