6 0.434028 0.280924 0.263889 0.167318
7 0.733507 0.268555 0.339699 0.241536
7 0.338252 0.729601 0.244213 0.164931
5 0.437355 0.420247 0.213252 0.180773
4 0.119792 0.657661 0.203704 0.176866
4 0.162037 0.527452 0.210069 0.105252
7 0.579138 0.817057 0.286169 0.202257
8 0.779659 0.527018 0.344618 0.298828
11 0.756944 0.483724 0.064236 0.047743
11 0.444878 0.616211 0.061053 0.048394
4 0.130642 0.441298 0.195312 0.106988
4 0.172598 0.585178 0.198206 0.103082
11 0.208333 0.623481 0.059028 0.030816
6 0.298177 0.42079 0.162326 0.193142
5 0.380787 0.198351 0.259259 0.22092
