0 0.157697 0.678385 0.20544 0.140625
1 0.454572 0.669054 0.214699 0.161892
9 0.794416 0.141602 0.32147 0.256727
7 0.651186 0.678494 0.223669 0.185981
3 0.404948 0.510851 0.233507 0.134549
7 0.545862 0.840169 0.236979 0.145616
11 0.685475 0.268772 0.060185 0.042752
0 0.205874 0.472548 0.171007 0.170356
0 0.086372 0.521918 0.149595 0.16059
7 0.275463 0.337565 0.236111 0.154731
8 0.830006 0.785048 0.330729 0.250651
10 0.700666 0.456163 0.263021 0.161024
7 0.326389 0.796115 0.220486 0.168186
11 0.218171 0.496311 0.050926 0.03342
11 0.367188 0.504015 0.045139 0.037977
0 0.121238 0.483398 0.078125 0.158203
2 0.351418 0.601997 0.153067 0.107639
