4 0.275608 0.417101 0.293113 0.181858
4 0.175347 0.691406 0.210648 0.193142
4 0.471209 0.784939 0.261285 0.133247
4 0.62037 0.786133 0.202546 0.186415
0 0.385851 0.66786 0.216725 0.198134
0 0.601418 0.573242 0.234664 0.119575
0 0.654803 0.460178 0.165509 0.178168
3 0.189815 0.550022 0.283565 0.146484
5 0.780527 0.628255 0.239294 0.171441
6 0.8614 0.750868 0.20544 0.184896
7 0.854311 0.389865 0.229456 0.145182
7 0.64077 0.185221 0.241609 0.154731
5 0.537471 0.347548 0.266493 0.1773
2 0.412326 0.212131 0.235532 0.214627
1 0.187355 0.257378 0.268229 0.124132
