8 0.233941 0.791667 0.263889 0.259259
8 0.553819 0.711227 0.328993 0.329861
9 0.167101 0.478009 0.220486 0.208333
10 0.341146 0.340278 0.117188 0.219907
1 0.485243 0.377315 0.131076 0.259259
1 0.457899 0.270833 0.121528 0.222222
2 0.642361 0.345486 0.151910 0.265046
2 0.583333 0.274884 0.131076 0.241898
3 0.720920 0.254051 0.135417 0.251157
11 0.236545 0.337384 0.038194 0.049769
11 0.309462 0.620949 0.048611 0.061343
11 0.730903 0.825231 0.065104 0.090278
11 0.780382 0.597801 0.061632 0.075231
11 0.754340 0.478588 0.052951 0.063657
