8 0.791667 0.43316 0.305556 0.294271
8 0.843171 0.717882 0.237269 0.235243
9 0.542824 0.824653 0.219907 0.219618
10 0.401042 0.65842 0.253472 0.118056
1 0.458333 0.512153 0.275463 0.138021
1 0.332755 0.545139 0.267361 0.124132
2 0.44213 0.355903 0.287037 0.146701
2 0.351273 0.415365 0.271991 0.128472
3 0.359375 0.269531 0.290509 0.142361
11 0.377894 0.780816 0.059028 0.041667
11 0.701389 0.667969 0.060185 0.043403
11 0.918403 0.28342 0.068287 0.052083
11 0.728009 0.232639 0.071759 0.046007
11 0.611111 0.253906 0.071759 0.052083
