0 0.238281 0.129485 0.131944 0.248553
0 0.418403 0.167969 0.109809 0.228877
0 0.300890 0.161603 0.105252 0.225984
1 0.600152 0.481337 0.106554 0.208623
2 0.478624 0.506800 0.105252 0.208623
3 0.358615 0.498264 0.112196 0.210648
4 0.646701 0.190828 0.121962 0.227141
5 0.375977 0.781829 0.116970 0.208912
6 0.275933 0.884404 0.114366 0.199942
7 0.717122 0.751881 0.152127 0.221933
7 0.824110 0.665654 0.156033 0.225984
4 0.729167 0.221065 0.083333 0.234954
4 0.785156 0.261285 0.093316 0.233218
4 0.831706 0.293837 0.074870 0.220197
5 0.401801 0.928819 0.107422 0.089699
