2 0.294488 0.168547 0.135417 0.206887
0 0.830187 0.737703 0.183811 0.2989
4 0.656901 0.782118 0.15842 0.297454
6 0.594727 0.354745 0.120443 0.223958
4 0.200304 0.781395 0.161458 0.296007
7 0.721029 0.178241 0.126519 0.196759
7 0.737088 0.429109 0.143446 0.23669
5 0.47309 0.607639 0.141059 0.247685
5 0.150608 0.293692 0.124566 0.240162
10 0.308702 0.458912 0.142578 0.22338
5 0.467231 0.339699 0.131944 0.208912
11 0.347005 0.695747 0.052083 0.065683
11 0.594618 0.136574 0.035156 0.049769
3 0.444987 0.108652 0.172092 0.210359
