0 0.652127 0.455584 0.147569 0.21441
2 0.547418 0.54673 0.106988 0.213831
5 0.56326 0.300781 0.133898 0.213831
0 0.750977 0.486979 0.075738 0.208333
7 0.652886 0.201244 0.13737 0.197049
4 0.319444 0.440972 0.147569 0.157986
6 0.366753 0.183304 0.141493 0.149595
11 0.494792 0.180266 0.036024 0.052083
3 0.417969 0.606192 0.168837 0.212384
11 0.43826 0.333912 0.041884 0.046875
7 0.216471 0.29456 0.127387 0.210648
11 0.689996 0.51114 0.050998 0.047743
11 0.245226 0.65842 0.047309 0.051215
7 0.231011 0.645833 0.149523 0.216435
11 0.224826 0.273582 0.035156 0.049479
11 0.419162 0.636863 0.038845 0.048032
11 0.664714 0.239439 0.031684 0.043692
6 0.387695 0.275608 0.130859 0.106192
7 0.45714 0.370226 0.092231 0.188947
3 0.488824 0.602575 0.084852 0.198785
0 0.681858 0.539207 0.105903 0.110822
0 0.798503 0.454861 0.127387 0.175926
4 0.342773 0.536169 0.124783 0.110532
