7 0.167101 0.209491 0.198785 0.345486
7 0.147461 0.521846 0.187283 0.308160
5 0.638780 0.639902 0.123915 0.160590
7 0.299913 0.555845 0.150174 0.282407
6 0.454536 0.589265 0.150825 0.267072
7 0.150391 0.774161 0.151476 0.241609
5 0.616536 0.457755 0.135851 0.290509
7 0.301541 0.794271 0.146484 0.240741
11 0.344293 0.285012 0.055339 0.075810
11 0.470595 0.570602 0.054036 0.070602
11 0.335395 0.781539 0.046224 0.070023
7 0.348524 0.279225 0.146701 0.435185
6 0.478516 0.752749 0.118056 0.135706
11 0.093967 0.515625 0.062934 0.078125
11 0.580729 0.435764 0.048611 0.074074
11 0.575955 0.682870 0.046007 0.072917
5 0.607205 0.755787 0.110243 0.121528
