1 0.796115 0.570457 0.129991 0.18316
7 0.917426 0.335214 0.162977 0.239873
4 0.263997 0.454138 0.223741 0.190104
7 0.520833 0.269965 0.156684 0.265046
2 0.627713 0.681858 0.110026 0.110822
7 0.654731 0.283131 0.166233 0.282118
2 0.656576 0.551794 0.131727 0.198495
3 0.527561 0.60952 0.119358 0.169271
0 0.429036 0.562645 0.090712 0.192419
11 0.535699 0.448785 0.046224 0.058449
1 0.793403 0.687934 0.129774 0.096354
0 0.339084 0.586082 0.119575 0.126447
11 0.424479 0.273438 0.048611 0.070023
7 0.786892 0.327546 0.165799 0.258102
11 0.780382 0.311921 0.052083 0.064815
11 0.681424 0.526042 0.045139 0.055556
11 0.432726 0.521412 0.047743 0.053241
0 0.302517 0.545139 0.184896 0.130787
