9 0.587384 0.209418 0.209491 0.240017
4 0.11386 0.399631 0.202257 0.138238
4 0.134693 0.193576 0.210359 0.152344
7 0.331597 0.360352 0.220486 0.116102
7 0.56684 0.470161 0.219329 0.126085
7 0.35026 0.477105 0.203414 0.096571
5 0.341001 0.585612 0.217882 0.092665
5 0.108796 0.570095 0.217593 0.08724
1 0.528935 0.616862 0.200231 0.109158
0 0.523148 0.716688 0.16956 0.089627
6 0.295573 0.67806 0.19184 0.10178
9 0.359086 0.159288 0.241319 0.227865
6 0.10706 0.659397 0.199074 0.100477
4 0.188947 0.78776 0.196181 0.096354
0 0.409288 0.805447 0.199942 0.110026
11 0.571181 0.811632 0.048032 0.030382
11 0.531973 0.896159 0.048322 0.031467
