4 0.234954 0.766493 0.271991 0.329861
4 0.288194 0.572483 0.267361 0.094618
4 0.223958 0.49566 0.282407 0.100694
4 0.219329 0.415365 0.273148 0.082465
4 0.189236 0.335938 0.270833 0.09375
4 0.210069 0.25 0.266204 0.083333
4 0.228588 0.167101 0.266204 0.072049
4 0.239005 0.074219 0.259259 0.101562
0 0.656829 0.778646 0.203704 0.288194
0 0.643519 0.605903 0.211806 0.09375
0 0.630787 0.52691 0.207176 0.076389
0 0.623843 0.454427 0.21875 0.065104
0 0.632523 0.376736 0.217593 0.079861
0 0.657407 0.295139 0.21875 0.078125
0 0.659144 0.21441 0.210648 0.071181
0 0.642361 0.143229 0.204861 0.072917
