4 0.759549 0.582031 0.10026 0.219618
0 0.765082 0.13614 0.160373 0.174479
9 0.546984 0.134259 0.184679 0.264468
7 0.643555 0.581597 0.143446 0.204861
0 0.704319 0.273872 0.13737 0.139757
8 0.645074 0.798611 0.225477 0.279514
7 0.874457 0.315972 0.149523 0.217014
5 0.412326 0.494792 0.116753 0.123264
6 0.456597 0.619936 0.109375 0.151331
7 0.535265 0.316406 0.130425 0.146123
7 0.551541 0.465567 0.115668 0.184028
9 0.409071 0.267361 0.125434 0.253472
6 0.418294 0.584346 0.111328 0.095197
11 0.589193 0.104022 0.031684 0.050637
11 0.680122 0.354167 0.036024 0.052083
11 0.871745 0.601997 0.045139 0.050637
11 0.544054 0.444589 0.029948 0.041956
11 0.53049 0.301215 0.029731 0.04456
4 0.836046 0.589844 0.165582 0.238715
0 0.769206 0.235388 0.105686 0.106192
0 0.68099 0.346933 0.139323 0.162616
