6 0.5693 0.649957 0.22309 0.164062
7 0.303241 0.675347 0.263889 0.224826
8 0.247251 0.446615 0.327257 0.268229
4 0.829138 0.301649 0.186053 0.144965
7 0.612124 0.247179 0.228877 0.142361
6 0.689091 0.52105 0.180845 0.174913
7 0.391782 0.182075 0.26794 0.164497
4 0.79919 0.417209 0.195602 0.08138
11 0.530816 0.350911 0.058738 0.049479
11 0.261574 0.478841 0.05787 0.044922
5 0.644965 0.725694 0.243056 0.210069
5 0.557147 0.521484 0.180845 0.145833
4 0.834635 0.501628 0.16522 0.089193
4 0.790799 0.348633 0.197338 0.105252
11 0.748843 0.335503 0.053819 0.032552
