9 0.209491 0.805447 0.418403 0.388672
0 0.778067 0.434245 0.142361 0.128906
10 0.279948 0.439453 0.268229 0.157986
0 0.751881 0.286458 0.182581 0.087674
8 0.148727 0.196615 0.296875 0.15191
11 0.332176 0.614475 0.079861 0.045356
1 0.501447 0.284071 0.177662 0.115017
3 0.572483 0.39974 0.223669 0.123698
7 0.313947 0.266385 0.203125 0.118707
7 0.757234 0.549371 0.257523 0.1773
7 0.393953 0.170681 0.209201 0.084852
3 0.580295 0.206163 0.172743 0.097222
0 0.890625 0.410373 0.113426 0.110677
0 0.858941 0.420247 0.078414 0.116536
11 0.760127 0.40408 0.04919 0.03342
11 0.61603 0.394748 0.045718 0.03342
2 0.592159 0.325955 0.149595 0.075955
