11 0.363426 0.704427 0.060185 0.045139
11 0.696181 0.575521 0.054398 0.046007
11 0.861111 0.211372 0.055556 0.045139
11 0.695023 0.168837 0.059028 0.045139
11 0.596065 0.18316 0.060185 0.040799
1 0.450231 0.418837 0.261574 0.135417
1 0.32581 0.453125 0.255787 0.125868
2 0.441551 0.270399 0.258102 0.126736
2 0.352431 0.326389 0.248843 0.124132
3 0.364005 0.195312 0.258102 0.125868
10 0.390625 0.571181 0.265046 0.125868
9 0.534722 0.767795 0.229167 0.274306
8 0.836806 0.638021 0.219907 0.257812
8 0.755787 0.351562 0.256944 0.268229
