7 0.723814 0.688151 0.239294 0.121528
7 0.685619 0.568142 0.226562 0.104601
7 0.489873 0.586046 0.210648 0.136068
9 0.673322 0.873698 0.202546 0.206597
1 0.480324 0.411784 0.178241 0.100043
4 0.686632 0.108181 0.218171 0.110026
5 0.837674 0.443142 0.23669 0.106771
9 0.48886 0.792752 0.207465 0.192708
6 0.71658 0.335395 0.190683 0.139974
0 0.638455 0.21582 0.21441 0.1148
4 0.471065 0.134983 0.070023 0.110677
11 0.819878 0.799262 0.056424 0.043837
11 0.810185 0.857856 0.052662 0.042535
4 0.541667 0.119141 0.086227 0.112847
0 0.512731 0.265842 0.164352 0.096788
6 0.852575 0.316515 0.258391 0.147352
5 0.662905 0.461806 0.157986 0.101562
