6 0.365162 0.638021 0.231481 0.124566
7 0.808738 0.430447 0.230324 0.118707
4 0.319444 0.32411 0.234954 0.124783
9 0.485677 0.861545 0.22309 0.24783
7 0.795573 0.197049 0.222512 0.125434
4 0.487558 0.336589 0.086227 0.117622
0 0.513889 0.199978 0.092014 0.115668
0 0.344184 0.19694 0.249711 0.121745
7 0.829572 0.543186 0.218171 0.113281
7 0.821759 0.316732 0.219329 0.116102
5 0.312355 0.47895 0.241609 0.136285
0 0.587384 0.198242 0.056134 0.117405
7 0.81684 0.656901 0.222801 0.115017
4 0.585938 0.324544 0.103009 0.117839
11 0.578704 0.680664 0.056713 0.047092
11 0.542535 0.6301 0.049769 0.041016
8 0.75 0.858181 0.196759 0.234158
