1 0.856662 0.395399 0.186849 0.213831
4 0.451714 0.831887 0.171224 0.267361
5 0.497938 0.483941 0.136502 0.235243
0 0.217556 0.728443 0.182075 0.238137
6 0.328451 0.422309 0.185113 0.231771
3 0.695095 0.487847 0.134549 0.242477
2 0.258898 0.264757 0.157552 0.197338
11 0.200304 0.800347 0.042969 0.066551
3 0.547418 0.239873 0.194227 0.243634
11 0.189562 0.186053 0.058377 0.070602
11 0.574978 0.262442 0.042752 0.060764
7 0.880859 0.247251 0.186198 0.22309
2 0.804036 0.495804 0.128472 0.190683
11 0.667101 0.538339 0.038628 0.065104
11 0.518338 0.428964 0.040148 0.054109
11 0.291016 0.422454 0.035156 0.052662
3 0.210503 0.180845 0.190538 0.218171
6 0.366319 0.520689 0.131944 0.153067
4 0.518989 0.779225 0.113064 0.207176
11 0.929145 0.255787 0.038845 0.04456
