0 0.737124 0.244792 0.256076 0.157118
0 0.533999 0.176215 0.238137 0.169705
1 0.504485 0.372396 0.24103 0.12717
2 0.519676 0.487847 0.22338 0.115885
7 0.773727 0.531793 0.244792 0.11697
2 0.50651 0.612088 0.222512 0.129123
5 0.475405 0.752387 0.221065 0.118924
0 0.351852 0.135959 0.21875 0.207682
2 0.293258 0.442925 0.20515 0.112413
3 0.284722 0.565321 0.203704 0.106337
1 0.265914 0.332899 0.206019 0.127604
0 0.773003 0.378581 0.235822 0.138238
6 0.467882 0.87066 0.219329 0.125434
11 0.696904 0.620877 0.054109 0.041667
9 0.224392 0.77474 0.198785 0.207031
11 0.676505 0.696181 0.056134 0.045139
