6 0.477756 0.106337 0.136502 0.197627
5 0.294596 0.132234 0.128255 0.220486
5 0.382270 0.118924 0.077908 0.206019
7 0.666233 0.173177 0.150174 0.227720
7 0.560004 0.502459 0.138238 0.280961
7 0.564453 0.826678 0.165365 0.343750
11 0.705512 0.481771 0.055122 0.085648
10 0.811740 0.417969 0.179036 0.271123
8 0.826280 0.748409 0.338325 0.295428
3 0.384983 0.408275 0.141059 0.256944
1 0.246636 0.404080 0.135634 0.234086
1 0.143121 0.411458 0.116536 0.245949
0 0.351128 0.777199 0.176215 0.343750
0 0.253472 0.738571 0.116753 0.297743
0 0.176649 0.736834 0.118490 0.298900
0 0.076172 0.751302 0.095052 0.311053
