0 0.68533 0.34375 0.243924 0.195602
0 0.52691 0.340856 0.083333 0.196759
0 0.458767 0.344907 0.065104 0.190972
0 0.404948 0.368634 0.065104 0.201389
0 0.338542 0.377315 0.081597 0.193287
0 0.271701 0.380208 0.071181 0.208333
0 0.206597 0.387731 0.078125 0.195602
0 0.148003 0.388889 0.06684 0.197917
4 0.654948 0.608218 0.252604 0.208333
4 0.50651 0.616898 0.051215 0.193287
4 0.447483 0.630787 0.075521 0.193287
4 0.390191 0.604745 0.068576 0.210648
4 0.341146 0.623843 0.065972 0.186343
4 0.276476 0.623843 0.072049 0.204861
4 0.209201 0.638889 0.074653 0.197917
4 0.147569 0.640625 0.052083 0.196759
