7 0.40918 0.394242 0.097439 0.202836
4 0.648763 0.340133 0.113498 0.207465
5 0.887804 0.172454 0.11849 0.226273
7 0.388997 0.599248 0.100043 0.180556
7 0.294922 0.373843 0.104601 0.202546
5 0.859809 0.528501 0.105469 0.122396
5 0.874891 0.375579 0.107856 0.185185
7 0.150391 0.366609 0.098958 0.209491
8 0.348524 0.159288 0.232205 0.202257
4 0.64605 0.508681 0.099826 0.127315
0 0.534939 0.300492 0.112413 0.208044
6 0.773003 0.358362 0.115451 0.158275
6 0.783963 0.17173 0.115234 0.216146
11 0.572157 0.585648 0.038411 0.04456
11 0.532552 0.591435 0.034722 0.053241
0 0.537218 0.467303 0.100477 0.123264
6 0.762261 0.512876 0.110026 0.1386
