6 0.636285 0.097765 0.235532 0.140842
5 0.473958 0.221246 0.133102 0.114366
2 0.534578 0.488064 0.209201 0.101997
4 0.708623 0.689128 0.194444 0.119141
0 0.624421 0.784397 0.209491 0.101345
7 0.814381 0.857205 0.224248 0.104167
0 0.487703 0.78125 0.074942 0.088542
1 0.53588 0.589301 0.20081 0.10178
3 0.550203 0.380642 0.218461 0.110243
7 0.570747 0.871745 0.186053 0.09375
5 0.652344 0.219727 0.250289 0.121745
6 0.471354 0.090495 0.104167 0.125868
4 0.563947 0.68826 0.074653 0.091363
4 0.496817 0.685655 0.07581 0.087891
11 0.675926 0.593316 0.046875 0.039062
