4 0.210286 0.658999 0.171007 0.285012
4 0.482856 0.675058 0.149306 0.282407
4 0.624132 0.621238 0.157118 0.274306
4 0.797092 0.833044 0.162326 0.277199
0 0.659614 0.796152 0.126953 0.282118
0 0.775174 0.594473 0.176215 0.285590
0 0.903971 0.573495 0.162977 0.285880
3 0.660048 0.419560 0.149957 0.248264
1 0.457465 0.408565 0.123698 0.231481
5 0.520291 0.219618 0.130859 0.219907
5 0.655707 0.175781 0.132161 0.230613
6 0.782335 0.214265 0.140625 0.230613
7 0.426215 0.174913 0.113715 0.221933
7 0.266168 0.239005 0.105252 0.216435
2 0.336806 0.405961 0.112413 0.231481
