4 0.480794 0.508970 0.129991 0.240162
0 0.696615 0.517361 0.078559 0.260995
7 0.623155 0.257234 0.113932 0.206597
7 0.865343 0.234086 0.128255 0.244213
7 0.740451 0.246817 0.122396 0.215856
7 0.394748 0.260417 0.114149 0.206597
7 0.284939 0.286024 0.109809 0.196470
0 0.630208 0.505208 0.065104 0.251736
4 0.848633 0.505498 0.082682 0.243056
7 0.510417 0.255642 0.109809 0.216146
0 0.765299 0.518519 0.081380 0.260417
4 0.565755 0.507378 0.067708 0.233507
11 0.477865 0.446759 0.044271 0.049769
11 0.768663 0.496528 0.051215 0.061343
11 0.889757 0.207755 0.050347 0.055556
11 0.514323 0.226852 0.037326 0.047454
11 0.304253 0.228588 0.037326 0.055556
