1 0.434896 0.213397 0.151476 0.25897
0 0.71441 0.642795 0.13151 0.139757
4 0.293077 0.7364 0.16428 0.146412
7 0.661567 0.276331 0.170356 0.224537
7 0.584201 0.779369 0.133681 0.194155
6 0.514648 0.59592 0.134766 0.19647
1 0.261393 0.349971 0.152561 0.253183
7 0.733398 0.799479 0.139974 0.171875
7 0.363715 0.865885 0.153646 0.16059
5 0.382595 0.457031 0.117622 0.153067
4 0.226128 0.620081 0.141493 0.163773
7 0.468207 0.805266 0.107856 0.191551
7 0.778537 0.406395 0.130425 0.22772
0 0.646593 0.533275 0.128255 0.182292
11 0.217122 0.340133 0.039714 0.061632
11 0.284071 0.639612 0.048611 0.063368
0 0.679253 0.576678 0.142795 0.101273
11 0.752496 0.39945 0.027995 0.048322
2 0.535373 0.251157 0.106771 0.248264
4 0.25651 0.654369 0.151042 0.119502
11 0.606337 0.793692 0.032552 0.041088
6 0.508898 0.453993 0.115451 0.152778
5 0.418186 0.593895 0.109375 0.186632
11 0.666016 0.511719 0.03776 0.046007
