4 0.430845 0.707248 0.260417 0.321181
4 0.400608 0.514323 0.223669 0.059896
4 0.378183 0.445095 0.238426 0.081597
4 0.393808 0.374023 0.228009 0.069227
4 0.387442 0.324653 0.224537 0.079861
4 0.38397 0.251953 0.210648 0.080729
4 0.362847 0.167535 0.212963 0.079861
4 0.357928 0.096137 0.221065 0.0625
0 0.725116 0.733507 0.226852 0.296875
0 0.717593 0.546441 0.188657 0.101562
0 0.714699 0.467448 0.180556 0.073785
0 0.673032 0.402344 0.199074 0.065104
0 0.659722 0.330295 0.197917 0.077257
0 0.655671 0.260417 0.194444 0.067708
0 0.64294 0.192274 0.199074 0.070312
0 0.637153 0.125 0.203704 0.0625
