0 0.709201 0.89048 0.248698 0.211516
7 0.347331 0.800781 0.20638 0.229456
6 0.359918 0.45081 0.154297 0.290509
7 0.727431 0.257812 0.283854 0.324074
7 0.534071 0.550347 0.244358 0.29919
7 0.262695 0.160156 0.211155 0.223669
5 0.182834 0.542679 0.142578 0.299479
11 0.855794 0.39974 0.063585 0.077257
11 0.484918 0.174334 0.054905 0.073206
6 0.253255 0.473814 0.102431 0.2636
0 0.717556 0.80136 0.24197 0.141493
0 0.686089 0.652633 0.211589 0.180845
10 0.860894 0.440828 0.276042 0.346354
7 0.484592 0.172598 0.22092 0.337095
