6 0.547201 0.512153 0.155165 0.251157
7 0.401693 0.404514 0.189670 0.236690
7 0.393338 0.728299 0.180773 0.289352
0 0.303602 0.150174 0.168837 0.171296
7 0.584093 0.226997 0.190321 0.176794
7 0.225694 0.607205 0.186198 0.215567
5 0.728733 0.453848 0.149306 0.268808
7 0.609484 0.791088 0.218533 0.269676
11 0.149414 0.476852 0.045356 0.061921
6 0.638238 0.507234 0.091580 0.240741
11 0.394423 0.710503 0.045790 0.061632
10 0.154839 0.462095 0.191189 0.226273
0 0.289497 0.223669 0.162760 0.086806
0 0.312609 0.316262 0.162543 0.125000
