0 0.29456 0.230903 0.270833 0.326389
0 0.278356 0.443142 0.270833 0.110243
0 0.273148 0.531684 0.265046 0.077257
0 0.317708 0.604167 0.25463 0.088542
0 0.335069 0.690104 0.236111 0.116319
0 0.334491 0.771267 0.246528 0.105035
0 0.353009 0.84809 0.228009 0.114583
0 0.350694 0.921007 0.230324 0.107639
4 0.631366 0.287326 0.25463 0.307292
4 0.621528 0.46875 0.230324 0.057292
4 0.633102 0.53776 0.21412 0.085938
4 0.605324 0.594184 0.22338 0.061632
4 0.609954 0.657986 0.221065 0.071181
4 0.626157 0.730903 0.202546 0.090278
4 0.635995 0.803385 0.201389 0.096354
4 0.642361 0.873264 0.202546 0.076389
