1 0.759006 0.606481 0.13954 0.195023
7 0.716146 0.337095 0.169705 0.282986
7 0.572157 0.304398 0.156467 0.291088
2 0.591688 0.733652 0.117405 0.112558
2 0.597331 0.591869 0.1352 0.213831
7 0.421115 0.2989 0.14388 0.274306
7 0.86849 0.341001 0.169271 0.288484
4 0.197374 0.490741 0.203776 0.193287
3 0.473307 0.650463 0.114149 0.179398
0 0.375326 0.603299 0.095269 0.190972
11 0.325521 0.304253 0.046875 0.069155
11 0.459852 0.482784 0.051215 0.061632
1 0.774197 0.736979 0.139974 0.103009
0 0.28342 0.625 0.106771 0.134838
0 0.237847 0.59375 0.152778 0.123843
11 0.364583 0.559606 0.039931 0.055556
11 0.62283 0.55787 0.047743 0.056713
11 0.703125 0.327546 0.060764 0.070602
