0 0.751447 0.234918 0.234375 0.199002
7 0.282263 0.280924 0.170428 0.169922
7 0.646557 0.60753 0.233507 0.241102
6 0.352431 0.565755 0.231481 0.140625
5 0.394387 0.757378 0.265625 0.15408
0 0.555122 0.293837 0.197627 0.176215
7 0.454572 0.416558 0.206019 0.188151
7 0.134549 0.634874 0.171296 0.184679
7 0.200087 0.444878 0.19647 0.173611
11 0.376447 0.175239 0.054398 0.040148
10 0.403501 0.167318 0.198206 0.164497
11 0.189381 0.439345 0.045428 0.040582
6 0.345631 0.651476 0.204572 0.098524
0 0.637442 0.232205 0.143519 0.202257
