7 0.196036 0.867622 0.364873 0.193576
7 0.561777 0.735786 0.287905 0.153429
7 0.751157 0.87934 0.262153 0.134983
5 0.717882 0.339301 0.162616 0.165148
5 0.501736 0.364041 0.335648 0.166016
7 0.806568 0.732096 0.213831 0.148655
11 0.282552 0.703451 0.080729 0.059245
7 0.508681 0.882161 0.322338 0.154948
6 0.625723 0.564996 0.291956 0.178602
11 0.470052 0.419596 0.073785 0.058377
11 0.745804 0.429688 0.075521 0.051649
11 0.502315 0.939779 0.072338 0.061415
7 0.28342 0.679362 0.306424 0.171224
11 0.608796 0.554905 0.078704 0.060764
11 0.798032 0.704427 0.069444 0.052951
5 0.832176 0.385851 0.144676 0.146701
6 0.784144 0.538628 0.175926 0.136285
