7 0.548177 0.311089 0.203993 0.098741
5 0.559751 0.913303 0.186053 0.10829
5 0.411169 0.899306 0.137731 0.111111
7 0.319444 0.410807 0.157407 0.101997
0 0.625723 0.548177 0.200521 0.121528
8 0.13397 0.405599 0.171296 0.197049
7 0.530816 0.422092 0.205729 0.101128
7 0.549334 0.168837 0.2011 0.108941
5 0.763455 0.926215 0.23235 0.119792
4 0.596065 0.669271 0.200231 0.116753
6 0.758825 0.798828 0.242766 0.119792
6 0.570747 0.801758 0.166377 0.113932
11 0.35026 0.240885 0.047164 0.034722
4 0.428096 0.669705 0.134549 0.101128
11 0.313513 0.201172 0.060475 0.036892
0 0.46412 0.556098 0.122106 0.10612
6 0.419126 0.795898 0.15191 0.112196
