0 0.748698 0.553096 0.141493 0.254919
7 0.550347 0.602286 0.127604 0.277488
2 0.644748 0.272135 0.130642 0.290799
3 0.504232 0.252459 0.178602 0.26765
1 0.772135 0.264612 0.15408 0.30353
3 0.208876 0.591001 0.159071 0.221933
1 0.367622 0.587963 0.145399 0.269676
3 0.260851 0.237992 0.172743 0.261285
5 0.387695 0.85272 0.11697 0.229745
7 0.543403 0.852431 0.125434 0.259259
6 0.225477 0.83941 0.151042 0.266204
0 0.740017 0.870515 0.120226 0.097512
0 0.732964 0.712674 0.119141 0.08912
0 0.731879 0.790943 0.120009 0.078993
