1 0.451931 0.467303 0.179036 0.244213
0 0.449327 0.125579 0.153863 0.250579
7 0.431532 0.676939 0.174262 0.236400
7 0.764431 0.332176 0.134766 0.217014
7 0.244032 0.554977 0.190755 0.273727
7 0.301866 0.295428 0.191840 0.258102
3 0.608398 0.429977 0.130425 0.250579
0 0.642036 0.142506 0.148655 0.116030
9 0.856228 0.794271 0.165148 0.269676
8 0.310872 0.848380 0.264974 0.303241
10 0.638238 0.719763 0.135851 0.228299
11 0.785807 0.708478 0.039062 0.053530
11 0.641385 0.237992 0.057509 0.077257
11 0.619900 0.396991 0.043620 0.060764
0 0.654405 0.226707 0.152127 0.190683
0 0.617405 0.070747 0.175347 0.136285
2 0.524740 0.371383 0.116753 0.159433
