11 0.663773 0.515625 0.055556 0.036458
11 0.702546 0.56467 0.063657 0.042535
10 0.090278 0.376302 0.149306 0.176215
4 0.354745 0.789497 0.180556 0.195312
4 0.315394 0.677951 0.159722 0.072917
4 0.322917 0.628472 0.16088 0.060764
4 0.328704 0.579427 0.163194 0.05816
4 0.306713 0.529948 0.15162 0.056424
4 0.29456 0.472656 0.164352 0.073785
4 0.302662 0.413628 0.162037 0.061632
4 0.28588 0.348958 0.15162 0.079861
0 0.61169 0.800781 0.199074 0.19184
0 0.585069 0.68099 0.164352 0.073785
0 0.564815 0.625 0.163194 0.074653
0 0.54456 0.574653 0.162037 0.078125
0 0.521991 0.517795 0.167824 0.065104
0 0.522569 0.460938 0.155093 0.076389
0 0.514468 0.402344 0.155093 0.059896
0 0.501736 0.349826 0.148148 0.0625
