0 0.686343 0.531901 0.232639 0.119792
7 0.598524 0.111979 0.237558 0.122396
5 0.836661 0.918077 0.247975 0.11263
7 0.595197 0.272895 0.230324 0.120443
4 0.641638 0.664822 0.195891 0.115668
7 0.574074 0.388997 0.23206 0.110026
7 0.331019 0.371094 0.216435 0.108507
4 0.452691 0.663194 0.143229 0.115451
6 0.836516 0.803819 0.247106 0.130208
5 0.612124 0.919162 0.194155 0.128255
6 0.625289 0.799371 0.190972 0.111762
5 0.437066 0.911241 0.153067 0.127604
8 0.828125 0.32487 0.228009 0.243056
6 0.444734 0.79796 0.164931 0.108073
11 0.357205 0.580946 0.055266 0.042969
0 0.496094 0.540907 0.155961 0.127387
11 0.344618 0.534071 0.060764 0.041667
