6 0.556315 0.874711 0.17947 0.243634
6 0.718316 0.808883 0.188368 0.257812
0 0.355903 0.858073 0.142795 0.276331
1 0.680664 0.3193 0.136936 0.228877
4 0.809462 0.569444 0.153646 0.262731
1 0.481554 0.253617 0.129774 0.253183
7 0.595378 0.525174 0.164714 0.280093
5 0.836589 0.21875 0.136285 0.262153
0 0.45421 0.620804 0.200521 0.260127
2 0.296007 0.271123 0.143663 0.270833
8 0.149631 0.590712 0.26237 0.355035
11 0.334744 0.490017 0.054036 0.055266
11 0.565213 0.246672 0.042752 0.057002
11 0.324002 0.712529 0.041233 0.055266
