4 0.712999 0.456019 0.173394 0.179977
4 0.565755 0.425203 0.145399 0.216146
0 0.209852 0.679977 0.150608 0.259838
7 0.249457 0.423466 0.146918 0.213831
7 0.378147 0.890336 0.171224 0.216435
8 0.686523 0.249132 0.221571 0.223380
6 0.608181 0.764323 0.184245 0.269387
5 0.464518 0.340712 0.113498 0.194734
0 0.347548 0.676649 0.171658 0.247396
2 0.422092 0.484230 0.138455 0.201100
5 0.399414 0.290799 0.157335 0.204861
4 0.562283 0.556568 0.130208 0.136285
4 0.675781 0.573640 0.107639 0.182002
11 0.671658 0.565683 0.043403 0.048032
11 0.416667 0.460214 0.036024 0.049479
11 0.280924 0.426939 0.037977 0.048322
11 0.365126 0.674045 0.036241 0.050637
0 0.263889 0.760272 0.097656 0.136285
5 0.490777 0.788050 0.144748 0.208623
