0 0.641927 0.432617 0.149016 0.156033
4 0.258536 0.603733 0.14728 0.164497
2 0.465856 0.605903 0.149306 0.161458
4 0.105758 0.597548 0.164641 0.17079
1 0.239439 0.367079 0.139178 0.182943
0 0.765914 0.463759 0.141204 0.150174
0 0.877459 0.480143 0.124711 0.148655
7 0.467303 0.840061 0.130208 0.158854
7 0.332755 0.849067 0.137153 0.152561
6 0.607639 0.253906 0.127315 0.154948
3 0.594907 0.620334 0.145255 0.150825
5 0.478588 0.249566 0.143519 0.165365
5 0.463831 0.420356 0.135995 0.16059
11 0.742332 0.616536 0.043113 0.044705
11 0.72772 0.718207 0.048032 0.03928
