7 0.508681 0.670681 0.233796 0.169054
0 0.780382 0.246636 0.258681 0.174262
7 0.286603 0.551758 0.225984 0.170356
7 0.659144 0.793077 0.235532 0.149523
9 0.221499 0.776259 0.276331 0.220486
3 0.128617 0.472656 0.249132 0.170573
11 0.398438 0.583116 0.052083 0.040799
7 0.723669 0.533746 0.221644 0.178602
11 0.412182 0.790799 0.051794 0.036892
7 0.764757 0.689996 0.212384 0.163411
0 0.811343 0.387478 0.273727 0.1773
10 0.436343 0.289497 0.278935 0.210503
1 0.105903 0.288628 0.210648 0.204427
2 0.200231 0.373481 0.173611 0.108507
0 0.905816 0.301432 0.146701 0.119358
