7 0.142578 0.411748 0.142361 0.230903
7 0.430013 0.426794 0.107422 0.210648
5 0.889757 0.378183 0.096788 0.188657
0 0.567274 0.320023 0.113715 0.216435
5 0.907878 0.179688 0.105252 0.217014
5 0.874349 0.523438 0.096788 0.115162
4 0.677300 0.360243 0.111545 0.212384
4 0.672418 0.521701 0.101345 0.129630
7 0.305664 0.414062 0.107422 0.223958
7 0.414714 0.642940 0.111979 0.160880
6 0.782661 0.517072 0.104818 0.135995
6 0.808485 0.177373 0.111762 0.223958
0 0.566298 0.489439 0.108290 0.129340
6 0.793945 0.369213 0.115668 0.169560
8 0.361437 0.173032 0.244575 0.229745
11 0.602865 0.605324 0.031684 0.049190
11 0.563694 0.618490 0.035807 0.055845
