6 0.180556 0.810764 0.346065 0.177083
6 0.248843 0.71441 0.292824 0.126736
6 0.274306 0.641927 0.292824 0.12066
5 0.258102 0.523438 0.292824 0.135417
5 0.218171 0.438802 0.324074 0.193576
3 0.673032 0.549913 0.25463 0.144965
2 0.55787 0.414062 0.248843 0.128472
2 0.631944 0.356771 0.232639 0.107639
1 0.416088 0.253038 0.277778 0.174479
1 0.563079 0.258681 0.210648 0.144097
11 0.83044 0.347656 0.05787 0.047743
11 0.873843 0.500434 0.061343 0.039062
11 0.475116 0.579427 0.081019 0.051215
11 0.439236 0.538194 0.060185 0.052083
10 0.139468 0.296007 0.275463 0.170139
