1 0.700231 0.504123 0.275463 0.15191
1 0.567419 0.682834 0.233218 0.13303
2 0.743779 0.344618 0.242188 0.105903
0 0.388744 0.428928 0.253183 0.145182
6 0.136863 0.470703 0.209491 0.111979
0 0.23669 0.327474 0.21412 0.083767
4 0.270833 0.760959 0.247106 0.133898
6 0.114005 0.618598 0.212384 0.139106
7 0.406395 0.558268 0.234086 0.119575
8 0.521267 0.209744 0.300637 0.183811
5 0.611545 0.886719 0.285012 0.197049
11 0.356337 0.316189 0.049479 0.040799
11 0.530237 0.345269 0.046586 0.043837
11 0.671586 0.578451 0.056713 0.044922
