4 0.526186 0.594835 0.262442 0.135417
6 0.435764 0.046224 0.206597 0.092014
1 0.340133 0.477865 0.252025 0.11849
0 0.414641 0.74924 0.280093 0.149523
2 0.340133 0.367839 0.240451 0.108507
7 0.499566 0.891385 0.2989 0.16428
3 0.361545 0.262261 0.234086 0.099175
5 0.458478 0.127713 0.236979 0.089627
5 0.293113 0.133789 0.126157 0.090495
4 0.34838 0.610243 0.095486 0.128472
4 0.270833 0.606554 0.063657 0.117622
6 0.29456 0.044271 0.087384 0.083333
11 0.504196 0.472005 0.056424 0.039497
0 0.245226 0.747504 0.068576 0.140408
7 0.294271 0.904514 0.122106 0.152344
