3 0.593171 0.528103 0.23669 0.126519
1 0.592159 0.658746 0.248553 0.151259
2 0.391059 0.732856 0.237558 0.125868
7 0.221933 0.714844 0.256366 0.12717
7 0.143663 0.534505 0.261285 0.163194
5 0.349682 0.451823 0.250289 0.154948
5 0.210069 0.328016 0.228588 0.113932
6 0.22555 0.198568 0.223669 0.107639
0 0.447049 0.290256 0.227431 0.183377
0 0.587095 0.279731 0.176505 0.175781
0 0.623119 0.409939 0.238715 0.139757
4 0.824074 0.28049 0.217593 0.113064
4 0.79022 0.515082 0.235532 0.140842
4 0.806568 0.648655 0.182581 0.187934
4 0.603154 0.862305 0.248553 0.205078
