7 0.804832 0.299696 0.239294 0.123698
7 0.882089 0.480794 0.234086 0.167752
2 0.639178 0.284831 0.243056 0.132161
1 0.435764 0.361762 0.267361 0.161024
3 0.437066 0.498264 0.263021 0.139323
5 0.697049 0.570855 0.256944 0.17296
5 0.842593 0.6926 0.225116 0.130859
6 0.835648 0.82997 0.219907 0.120443
0 0.60272 0.751411 0.231481 0.198568
0 0.460793 0.770508 0.212095 0.19987
0 0.409433 0.629774 0.270833 0.163194
4 0.182726 0.793837 0.269965 0.145399
4 0.218316 0.517253 0.281539 0.155165
4 0.199074 0.370009 0.216435 0.209201
4 0.410301 0.145833 0.260417 0.21441
