7 0.726273 0.450087 0.127315 0.169271
7 0.693287 0.619358 0.15625 0.184896
7 0.586806 0.411892 0.158565 0.181424
7 0.543403 0.59158 0.166667 0.193576
7 0.420718 0.387587 0.155093 0.190104
7 0.224537 0.364149 0.179398 0.197049
7 0.188657 0.56901 0.195602 0.216146
7 0.376736 0.579427 0.180556 0.197049
7 0.529514 0.801649 0.185185 0.217882
7 0.361111 0.791233 0.195602 0.22309
7 0.170718 0.792969 0.222222 0.243924
7 0.734375 0.832465 0.157407 0.208333
11 0.780093 0.666233 0.045139 0.047743
0 0.708333 0.273438 0.158565 0.161458
0 0.627315 0.24566 0.105324 0.149306
4 0.420139 0.203125 0.177083 0.196181
4 0.320023 0.174479 0.113426 0.163194
4 0.246528 0.171441 0.123843 0.171007
