4 0.584418 0.300058 0.109809 0.185185
7 0.122830 0.319589 0.133247 0.213831
7 0.314996 0.451389 0.110026 0.203125
6 0.734809 0.131655 0.146701 0.205440
7 0.404080 0.482639 0.099392 0.152778
8 0.347331 0.122830 0.226780 0.238715
0 0.454427 0.284722 0.131944 0.218750
5 0.838216 0.159433 0.098307 0.195023
6 0.734375 0.369792 0.113715 0.158565
5 0.822374 0.375723 0.080078 0.150174
7 0.229492 0.405527 0.094401 0.205729
11 0.526801 0.493200 0.036241 0.053530
11 0.560113 0.485822 0.032118 0.049190
0 0.500651 0.346354 0.079861 0.172454
4 0.642036 0.354601 0.071398 0.180845
6 0.735026 0.251302 0.097656 0.166377
5 0.852865 0.301939 0.097656 0.147859
