7 0.356337 0.481192 0.136719 0.248264
0 0.562717 0.810475 0.118924 0.255208
5 0.379557 0.185909 0.142795 0.219039
7 0.493598 0.448351 0.126519 0.217303
7 0.725694 0.743634 0.13151 0.250579
7 0.640734 0.469329 0.125651 0.229167
6 0.56467 0.163339 0.159722 0.219039
7 0.228299 0.356916 0.142795 0.251447
1 0.177083 0.667824 0.148438 0.275463
1 0.783637 0.51577 0.086372 0.192998
3 0.672635 0.261574 0.162109 0.199074
0 0.38661 0.772425 0.155165 0.252025
11 0.711155 0.338686 0.030382 0.048322
11 0.772786 0.354022 0.036024 0.050058
