6 0.58941 0.790075 0.161024 0.24103
6 0.71951 0.706019 0.148655 0.219329
0 0.495551 0.551939 0.177734 0.24103
4 0.78125 0.504774 0.117622 0.213831
1 0.516493 0.224537 0.119792 0.225694
2 0.34451 0.222656 0.125217 0.230035
7 0.613498 0.46412 0.128472 0.220486
1 0.677626 0.294126 0.111762 0.218461
8 0.192925 0.521701 0.295573 0.350694
0 0.410265 0.783131 0.138238 0.282118
5 0.791884 0.218316 0.107205 0.194734
11 0.389106 0.428385 0.045139 0.050637
11 0.591146 0.221788 0.038628 0.052373
11 0.379232 0.63831 0.039714 0.053241
