9 0.71441 0.825738 0.230324 0.207465
9 0.51765 0.811306 0.203125 0.202474
5 0.840567 0.494792 0.236111 0.11849
1 0.467448 0.411458 0.198785 0.111545
4 0.661169 0.093207 0.186921 0.111328
4 0.434462 0.120334 0.076678 0.098741
7 0.755353 0.617405 0.239873 0.098958
0 0.581163 0.239583 0.214988 0.115451
7 0.588976 0.617405 0.100984 0.101562
4 0.517795 0.112305 0.090567 0.109592
6 0.65842 0.379883 0.14265 0.118273
5 0.650463 0.488281 0.144676 0.106771
0 0.443142 0.261285 0.082465 0.106771
11 0.881221 0.797852 0.054109 0.044922
7 0.496383 0.61773 0.08478 0.11046
6 0.849103 0.382704 0.242766 0.115234
11 0.874855 0.86263 0.062789 0.050347
