4 0.561632 0.685981 0.221644 0.125
1 0.394531 0.5727 0.230035 0.115017
6 0.474971 0.085069 0.231192 0.122396
2 0.391059 0.464844 0.232928 0.123698
5 0.505932 0.194878 0.238137 0.106337
0 0.466725 0.812934 0.23206 0.116753
4 0.402778 0.696289 0.078125 0.104818
7 0.54239 0.924696 0.210359 0.127604
3 0.402778 0.351671 0.226852 0.115668
5 0.327402 0.197157 0.125868 0.107856
6 0.322917 0.07921 0.095486 0.104601
0 0.329572 0.811198 0.059028 0.111545
11 0.545139 0.569336 0.054398 0.04362
4 0.341435 0.689562 0.061921 0.111328
7 0.378328 0.92589 0.099248 0.097873
