11 0.49537 0.743924 0.069444 0.049479
11 0.377894 0.775608 0.072917 0.053819
11 0.157407 0.739583 0.076389 0.059896
11 0.333333 0.332899 0.064815 0.039931
11 0.624421 0.227431 0.054398 0.039062
10 0.630208 0.340278 0.241898 0.106771
1 0.59375 0.476997 0.277778 0.138889
1 0.708333 0.43533 0.261574 0.114583
2 0.643519 0.630208 0.296296 0.162326
2 0.717593 0.562066 0.270833 0.131944
3 0.745949 0.704427 0.28125 0.144097
9 0.467593 0.188368 0.240741 0.200521
8 0.262153 0.572917 0.306713 0.301215
8 0.177662 0.285156 0.255787 0.230903
