1 0.237847 0.431134 0.189236 0.259259
1 0.241319 0.586806 0.206597 0.283565
2 0.420139 0.457176 0.144097 0.271991
2 0.356337 0.372685 0.132812 0.248843
3 0.554688 0.359375 0.138889 0.266204
11 0.522569 0.116319 0.046875 0.071759
11 0.345920 0.123843 0.056424 0.075231
11 0.578559 0.572338 0.039062 0.067130
11 0.536458 0.606481 0.050347 0.061343
5 0.434028 0.780671 0.171875 0.259259
5 0.512153 0.748264 0.112847 0.245370
6 0.622396 0.739583 0.111111 0.234954
6 0.677517 0.774306 0.101562 0.237269
6 0.751302 0.825231 0.134549 0.258102
10 0.296441 0.859375 0.177951 0.256944
