0 0.34375 0.31467 0.195602 0.243924
0 0.340856 0.47309 0.196759 0.083333
0 0.344907 0.541233 0.190972 0.065104
0 0.368634 0.595052 0.201389 0.065104
0 0.377315 0.661458 0.193287 0.081597
0 0.380208 0.728299 0.208333 0.071181
0 0.387731 0.793403 0.195602 0.078125
0 0.388889 0.851997 0.197917 0.06684
4 0.608218 0.345052 0.208333 0.252604
4 0.616898 0.49349 0.193287 0.051215
4 0.630787 0.552517 0.193287 0.075521
4 0.604745 0.609809 0.210648 0.068576
4 0.623843 0.658854 0.186343 0.065972
4 0.623843 0.723524 0.204861 0.072049
4 0.638889 0.790799 0.197917 0.074653
4 0.640625 0.852431 0.196759 0.052083
