11 0.427951 0.722222 0.043403 0.049769
11 0.478733 0.701389 0.037326 0.042824
10 0.720486 0.152199 0.210069 0.203704
4 0.706597 0.384259 0.090278 0.149306
4 0.628906 0.39294 0.06684 0.143519
4 0.572483 0.372106 0.072049 0.150463
4 0.50651 0.371528 0.065104 0.144676
4 0.449219 0.37963 0.052951 0.15625
4 0.397569 0.364583 0.060764 0.163194
4 0.338542 0.351273 0.071181 0.166667
4 0.210069 0.379051 0.222222 0.180556
0 0.657986 0.588542 0.0625 0.125
0 0.601562 0.59375 0.057292 0.126157
0 0.545573 0.597222 0.059896 0.123843
0 0.491319 0.582755 0.059028 0.12963
0 0.430122 0.593171 0.065104 0.131944
0 0.37717 0.598958 0.063368 0.136574
0 0.317274 0.614005 0.070312 0.127315
0 0.195747 0.617477 0.202257 0.143519
