9 0.832899 0.546332 0.333623 0.264106
2 0.361834 0.300673 0.220197 0.145182
7 0.668981 0.300998 0.300926 0.191406
7 0.146846 0.281359 0.19647 0.185981
5 0.359809 0.566732 0.168692 0.147352
7 0.147714 0.507378 0.202257 0.161892
7 0.410012 0.133355 0.273148 0.23546
7 0.441262 0.72168 0.224537 0.115668
0 0.521557 0.450087 0.241609 0.138021
7 0.668981 0.742405 0.232639 0.123698
7 0.262731 0.685221 0.157407 0.117839
7 0.619502 0.637478 0.244792 0.127387
10 0.344329 0.80013 0.179977 0.112413
11 0.017072 0.361979 0.034144 0.038628
