6 0.37793 0.551939 0.149523 0.237558
0 0.684679 0.930411 0.204861 0.129919
7 0.544379 0.666956 0.212023 0.230324
7 0.745443 0.444878 0.262587 0.281539
7 0.37576 0.834346 0.179036 0.187211
7 0.518663 0.322338 0.21658 0.323495
7 0.277778 0.276476 0.207031 0.268229
5 0.21582 0.611979 0.143446 0.254051
11 0.854926 0.600694 0.057075 0.063079
11 0.507595 0.33695 0.05599 0.070891
10 0.853516 0.623698 0.261285 0.265336
0 0.699002 0.880498 0.206163 0.127894
0 0.664062 0.769387 0.195312 0.133102
6 0.278537 0.561632 0.100043 0.230324
