9 0.240451 0.522135 0.250434 0.213831
8 0.356011 0.809172 0.256727 0.234086
8 0.644314 0.731771 0.276476 0.275463
1 0.564996 0.429832 0.134766 0.250289
1 0.524848 0.314815 0.116970 0.231481
2 0.705187 0.412905 0.139540 0.246528
2 0.645291 0.333044 0.116102 0.227431
3 0.772135 0.339988 0.118924 0.239005
10 0.418728 0.378906 0.123481 0.236400
11 0.297960 0.358218 0.042535 0.059028
11 0.803277 0.553819 0.045356 0.060185
11 0.825412 0.652054 0.042318 0.060475
11 0.792969 0.833044 0.049045 0.065394
11 0.415473 0.667679 0.050998 0.059317
