6 0.483073 0.109375 0.240451 0.155382
4 0.553241 0.722873 0.210069 0.125868
5 0.509115 0.238173 0.240451 0.125217
2 0.391927 0.515625 0.23235 0.119792
1 0.399016 0.621853 0.210069 0.105686
7 0.528646 0.915039 0.194444 0.087457
3 0.403935 0.405273 0.229167 0.114366
4 0.407407 0.727105 0.076968 0.098307
6 0.3057 0.098199 0.100405 0.129557
0 0.459201 0.825304 0.200231 0.097656
5 0.315828 0.239366 0.130498 0.12717
4 0.348814 0.725043 0.050637 0.088976
0 0.340278 0.822591 0.059606 0.098307
11 0.541377 0.622613 0.051505 0.035156
7 0.383247 0.914605 0.090567 0.079644
