0 0.556568 0.214844 0.222512 0.146267
7 0.675492 0.674479 0.155382 0.109375
4 0.836372 0.782661 0.173322 0.123481
9 0.48206 0.790256 0.186343 0.146918
1 0.467448 0.452365 0.184896 0.102214
9 0.666522 0.810113 0.182581 0.143663
0 0.455584 0.342339 0.195891 0.120877
7 0.656684 0.574544 0.166377 0.101345
4 0.86386 0.628038 0.195312 0.118056
4 0.7989 0.233832 0.219907 0.119575
5 0.874132 0.473958 0.206019 0.090278
5 0.657697 0.472548 0.204861 0.092231
7 0.457755 0.602214 0.189236 0.094618
6 0.878617 0.381836 0.191262 0.100477
11 0.378472 0.219618 0.049769 0.042101
6 0.695312 0.369358 0.176505 0.106771
11 0.400608 0.092882 0.05353 0.048611
