7 0.329319 0.508681 0.169054 0.233796
0 0.753364 0.780382 0.174262 0.258681
7 0.448242 0.286603 0.170356 0.225984
7 0.206923 0.659144 0.149523 0.235532
9 0.223741 0.221499 0.220486 0.276331
3 0.527344 0.128617 0.170573 0.249132
11 0.416884 0.398438 0.040799 0.052083
7 0.466254 0.723669 0.178602 0.221644
11 0.209201 0.412182 0.036892 0.051794
7 0.310004 0.764757 0.163411 0.212384
0 0.612522 0.811343 0.177300 0.273727
10 0.710503 0.436343 0.210503 0.278935
1 0.711372 0.105903 0.204427 0.210648
2 0.626519 0.200231 0.108507 0.173611
0 0.698568 0.905816 0.119358 0.146701
