7 0.726273 0.409288 0.217593 0.146701
7 0.711227 0.52908 0.240741 0.110243
7 0.692708 0.629774 0.217593 0.125868
7 0.650463 0.749566 0.202546 0.143229
7 0.457176 0.792969 0.241898 0.157118
7 0.460648 0.661024 0.244213 0.141493
7 0.469329 0.561632 0.233796 0.145833
7 0.494792 0.432292 0.263889 0.157986
7 0.241319 0.519531 0.289352 0.16059
7 0.22338 0.643663 0.313657 0.171007
7 0.254051 0.771701 0.298611 0.180556
0 0.591435 0.259549 0.246528 0.152778
0 0.589699 0.141927 0.256944 0.09809
4 0.245949 0.311632 0.326389 0.173611
4 0.212384 0.177083 0.349537 0.149306
