8 0.208333 0.56684 0.305556 0.294271
8 0.156829 0.282118 0.237269 0.235243
9 0.457176 0.175347 0.219907 0.219618
10 0.598958 0.34158 0.253472 0.118056
1 0.541667 0.487847 0.275463 0.138021
1 0.667245 0.454861 0.267361 0.124132
2 0.55787 0.644097 0.287037 0.146701
2 0.648727 0.584635 0.271991 0.128472
3 0.640625 0.730469 0.290509 0.142361
11 0.622106 0.219184 0.059028 0.041667
11 0.298611 0.332031 0.060185 0.043403
11 0.081597 0.71658 0.068287 0.052083
11 0.271991 0.767361 0.071759 0.046007
11 0.388889 0.746094 0.071759 0.052083
