7 0.202257 0.243924 0.190972 0.22309
7 0.191551 0.439562 0.188657 0.176432
7 0.38151 0.239366 0.219618 0.226997
7 0.609664 0.237739 0.229745 0.227648
5 0.341146 0.686957 0.107639 0.166016
5 0.458044 0.675564 0.148148 0.188368
7 0.360243 0.450087 0.173611 0.202257
6 0.119792 0.655273 0.189815 0.198134
11 0.772135 0.405599 0.056424 0.047743
11 0.732928 0.612305 0.058449 0.04145
7 0.541088 0.463759 0.186343 0.196181
11 0.513744 0.464193 0.067998 0.053385
6 0.22338 0.676649 0.133102 0.176215
11 0.485532 0.693576 0.05787 0.046875
11 0.327546 0.451823 0.061343 0.040799
