7 0.397714 0.670464 0.213831 0.149089
7 0.584346 0.569444 0.242188 0.149306
9 0.816696 0.465929 0.366609 0.268663
7 0.469907 0.096029 0.204861 0.181207
0 0.512587 0.368056 0.219618 0.134983
5 0.354601 0.474609 0.173322 0.143229
7 0.629485 0.706163 0.254919 0.168837
7 0.23669 0.62576 0.165509 0.151259
7 0.238426 0.222873 0.177662 0.155816
7 0.177807 0.415148 0.16985 0.15191
7 0.671441 0.233615 0.250868 0.171224
2 0.402488 0.239258 0.204861 0.121745
11 0.107784 0.297201 0.051794 0.032335
10 0.282263 0.779514 0.17853 0.158854
