4 0.499349 0.432292 0.125434 0.255787
7 0.364583 0.714699 0.130642 0.244213
0 0.340603 0.441985 0.069661 0.262442
7 0.610352 0.69864 0.118273 0.212674
0 0.273655 0.436198 0.078993 0.269965
7 0.095595 0.752025 0.137804 0.27662
7 0.730035 0.664786 0.119358 0.216146
7 0.232964 0.73206 0.129557 0.26331
4 0.411675 0.435619 0.075087 0.244502
4 0.113498 0.453848 0.093316 0.27691
0 0.197049 0.43533 0.081597 0.268808
7 0.485786 0.711227 0.116536 0.260995
11 0.505208 0.49537 0.043403 0.054398
11 0.194878 0.45544 0.047743 0.0625
11 0.072049 0.78125 0.046875 0.065972
11 0.483073 0.739583 0.03559 0.056713
11 0.717014 0.729167 0.043403 0.052083
