0 0.719907 0.773438 0.265046 0.305556
0 0.690394 0.590278 0.247685 0.102431
0 0.670139 0.502604 0.237269 0.090278
0 0.662616 0.426649 0.243056 0.082465
0 0.661458 0.340278 0.238426 0.086806
0 0.688079 0.252604 0.24537 0.074653
0 0.688079 0.177083 0.238426 0.071181
0 0.672454 0.109375 0.241898 0.069444
4 0.257523 0.751302 0.25463 0.318576
4 0.304398 0.563802 0.253472 0.094618
4 0.238426 0.490017 0.262731 0.108507
4 0.233218 0.416667 0.266204 0.095486
4 0.197338 0.333767 0.263889 0.096354
4 0.218171 0.250434 0.261574 0.09809
4 0.224537 0.165365 0.262731 0.085938
4 0.231481 0.083767 0.262731 0.078993
