7 0.570312 0.671115 0.251736 0.138672
7 0.472512 0.799805 0.240162 0.133898
5 0.253472 0.666775 0.252894 0.174262
6 0.188223 0.471571 0.278646 0.171875
7 0.51114 0.38878 0.220775 0.122613
7 0.755208 0.31174 0.212384 0.123481
1 0.759838 0.818251 0.237847 0.149523
1 0.533854 0.24197 0.203704 0.108073
7 0.518953 0.540582 0.231192 0.11849
3 0.283131 0.35612 0.252604 0.145833
0 0.819878 0.623698 0.216725 0.151042
0 0.833478 0.465495 0.184896 0.108073
11 0.371672 0.24056 0.052951 0.037543
11 0.367188 0.309353 0.047454 0.039714
