7 0.540799 0.670139 0.193576 0.224537
0 0.353082 0.210938 0.165365 0.189815
7 0.495660 0.264178 0.175347 0.167824
2 0.362305 0.796441 0.117405 0.261285
7 0.644748 0.445023 0.180990 0.212963
7 0.758681 0.296152 0.151910 0.198785
7 0.645182 0.215133 0.171441 0.187211
9 0.807075 0.725984 0.261719 0.329282
11 0.569444 0.548756 0.042969 0.057002
10 0.272135 0.533999 0.193142 0.237558
11 0.791450 0.517506 0.036892 0.050637
0 0.227214 0.251013 0.156684 0.194155
0 0.291450 0.155093 0.104601 0.116898
1 0.281684 0.869647 0.215278 0.243924
3 0.474718 0.845486 0.175130 0.261574
