7 0.250868 0.636176 0.354167 0.191189
7 0.289497 0.808268 0.354456 0.165148
7 0.213542 0.42003 0.39294 0.207248
7 0.57581 0.77181 0.253472 0.156901
7 0.576678 0.620443 0.273148 0.14974
7 0.568721 0.451714 0.296007 0.162109
6 0.865017 0.772135 0.226562 0.147569
11 0.753906 0.272569 0.073206 0.055556
5 0.883391 0.588108 0.222222 0.104167
11 0.458189 0.251628 0.069734 0.0523
11 0.580584 0.476997 0.083623 0.056424
11 0.885417 0.470486 0.063657 0.045139
5 0.858218 0.499132 0.229167 0.151042
6 0.881944 0.684462 0.21875 0.073785
11 0.590856 0.651042 0.071759 0.052083
