7 0.844763 0.431098 0.244502 0.14822
7 0.636285 0.242079 0.234375 0.154731
7 0.475694 0.497613 0.232639 0.137587
7 0.290075 0.814887 0.23235 0.146701
7 0.272135 0.914062 0.220775 0.126302
6 0.852431 0.775174 0.209491 0.173611
5 0.770544 0.65549 0.231481 0.155599
5 0.427807 0.61697 0.216725 0.105469
5 0.575376 0.376411 0.248553 0.157335
5 0.51765 0.132161 0.228588 0.125
2 0.431713 0.258898 0.216435 0.191406
1 0.231192 0.334527 0.228588 0.122613
3 0.213252 0.575521 0.224537 0.119792
4 0.289641 0.464735 0.235532 0.149523
4 0.187789 0.689887 0.161458 0.160156
4 0.498119 0.799913 0.201678 0.113715
4 0.619792 0.79503 0.173611 0.163845
0 0.415365 0.733724 0.181424 0.15191
0 0.596933 0.611437 0.219329 0.118273
0 0.670718 0.513672 0.143519 0.165365
