7 0.638889 0.873155 0.282986 0.140842
0 0.673756 0.250326 0.286748 0.149523
5 0.638166 0.744358 0.242188 0.121528
5 0.451678 0.745226 0.106481 0.115451
6 0.650174 0.605794 0.277778 0.137804
4 0.625434 0.455946 0.064525 0.12066
4 0.50434 0.448025 0.076968 0.129123
4 0.802951 0.458333 0.289352 0.135417
6 0.457321 0.623372 0.109086 0.126953
4 0.570312 0.456055 0.052083 0.116536
0 0.484664 0.262044 0.08912 0.138238
0 0.400029 0.25651 0.083623 0.138889
4 0.381366 0.459418 0.069444 0.113281
11 0.574942 0.748155 0.063657 0.044488
7 0.456453 0.88661 0.139178 0.11263
4 0.442274 0.45855 0.047164 0.119792
11 0.66305 0.884115 0.072049 0.046875
