3 0.725694 0.720052 0.282407 0.138889
2 0.631944 0.644531 0.298611 0.152778
2 0.711806 0.577691 0.280093 0.130208
1 0.597801 0.494792 0.271991 0.143229
1 0.717014 0.447483 0.269676 0.121528
10 0.641782 0.352431 0.248843 0.12066
9 0.483218 0.200955 0.228009 0.222222
8 0.210648 0.320312 0.226852 0.236979
8 0.285301 0.59158 0.274306 0.277778
11 0.645833 0.234809 0.050926 0.039931
11 0.348958 0.360243 0.054398 0.047743
11 0.483796 0.754774 0.064815 0.045139
11 0.374421 0.778646 0.065972 0.047743
11 0.181134 0.740885 0.065972 0.053819
