9 0.209418 0.412616 0.240017 0.209491
4 0.399631 0.886140 0.138238 0.202257
4 0.193576 0.865307 0.152344 0.210359
7 0.360352 0.668403 0.116102 0.220486
7 0.470161 0.433160 0.126085 0.219329
7 0.477105 0.649740 0.096571 0.203414
5 0.585612 0.658999 0.092665 0.217882
5 0.570095 0.891204 0.087240 0.217593
1 0.616862 0.471065 0.109158 0.200231
0 0.716688 0.476852 0.089627 0.169560
6 0.678060 0.704427 0.101780 0.191840
9 0.159288 0.640914 0.227865 0.241319
6 0.659397 0.892940 0.100477 0.199074
4 0.787760 0.811053 0.096354 0.196181
0 0.805447 0.590712 0.110026 0.199942
11 0.811632 0.428819 0.030382 0.048032
11 0.896159 0.468027 0.031467 0.048322
