3 0.793981 0.487196 0.242477 0.15842
2 0.810764 0.629557 0.285301 0.128906
0 0.548032 0.761936 0.248843 0.152344
7 0.478009 0.565647 0.261574 0.121745
7 0.242911 0.581923 0.233507 0.120009
5 0.23452 0.456272 0.213831 0.111762
1 0.837529 0.756727 0.300058 0.16276
3 0.835793 0.270725 0.238137 0.14388
1 0.467014 0.447266 0.23669 0.121094
0 0.377459 0.76161 0.086516 0.126085
3 0.452257 0.283203 0.203125 0.126736
0 0.226562 0.787109 0.090278 0.135417
6 0.249711 0.318251 0.217014 0.134332
0 0.301505 0.766493 0.068866 0.128472
