6 0.836516 0.799371 0.222222 0.160373
7 0.496383 0.473958 0.268808 0.153646
7 0.166811 0.442491 0.319155 0.182292
7 0.192998 0.647135 0.357639 0.192708
7 0.532118 0.789931 0.269676 0.170139
7 0.22555 0.823676 0.354456 0.173828
5 0.823929 0.608832 0.231771 0.107422
7 0.519531 0.631076 0.278646 0.142795
11 0.378472 0.295898 0.068287 0.042752
11 0.655671 0.315213 0.061343 0.053602
11 0.528356 0.662109 0.074074 0.048611
11 0.805266 0.492188 0.0625 0.045139
5 0.787037 0.522352 0.244213 0.142361
6 0.83478 0.705187 0.216435 0.072266
11 0.504051 0.497396 0.071759 0.053819
