0 0.415509 0.662109 0.282986 0.086806
7 0.726562 0.725043 0.296875 0.159288
7 0.713976 0.581706 0.284433 0.125217
7 0.743924 0.890516 0.328704 0.166016
0 0.430411 0.595161 0.27228 0.070964
7 0.713397 0.328016 0.243924 0.118707
4 0.430411 0.437391 0.237558 0.1148
4 0.407407 0.826497 0.283565 0.093533
4 0.4307 0.526693 0.253183 0.078559
7 0.718027 0.453451 0.260706 0.115234
7 0.682002 0.220595 0.210648 0.097005
0 0.409433 0.74197 0.283565 0.098958
11 0.418403 0.741753 0.06713 0.049479
11 0.489583 0.429253 0.061343 0.044271
11 0.769676 0.90842 0.075231 0.061632
11 0.743056 0.451389 0.070602 0.052083
11 0.750579 0.223958 0.069444 0.043403
