1 0.622541 0.814996 0.264757 0.245009
4 0.196036 0.378798 0.251447 0.132595
3 0.522569 0.619792 0.255787 0.151476
0 0.32147 0.197049 0.220486 0.12066
6 0.587674 0.270616 0.234375 0.144531
5 0.527488 0.417318 0.240162 0.119358
11 0.805556 0.909397 0.058449 0.055339
2 0.749277 0.210069 0.238715 0.137153
11 0.755064 0.484918 0.066262 0.051866
3 0.778212 0.46799 0.248553 0.181207
11 0.256366 0.185872 0.056713 0.04145
11 0.797598 0.161567 0.07147 0.042752
11 0.584491 0.243273 0.059606 0.03776
4 0.227286 0.430339 0.194155 0.095052
6 0.4932 0.305122 0.149595 0.099392
3 0.808594 0.171549 0.198785 0.127387
2 0.500579 0.745009 0.200231 0.149306
11 0.466146 0.582465 0.059028 0.045139
7 0.805556 0.857313 0.260417 0.253255
11 0.579427 0.43316 0.049479 0.043403
