1 0.835359 0.815755 0.239583 0.169705
7 0.630208 0.574761 0.251736 0.181641
7 0.211661 0.598633 0.157118 0.168186
7 0.381366 0.453016 0.201389 0.199436
0 0.177517 0.724175 0.176794 0.146267
9 0.703414 0.277995 0.400463 0.313802
7 0.186632 0.304253 0.232639 0.192708
11 0.504051 0.542209 0.054398 0.040582
0 0.241175 0.828668 0.174479 0.113932
11 0.451823 0.290365 0.061632 0.043403
10 0.499566 0.811849 0.236979 0.139757
3 0.816696 0.656141 0.295428 0.190321
2 0.720197 0.743707 0.189236 0.104601
0 0.127604 0.775174 0.103588 0.078993
7 0.108941 0.435004 0.200521 0.183811
