0 0.12963 0.736762 0.251736 0.201823
7 0.298466 0.382595 0.270544 0.25434
6 0.623119 0.45497 0.276331 0.158203
5 0.608796 0.251411 0.295139 0.159071
7 0.469907 0.602431 0.240162 0.193576
7 0.633536 0.758247 0.179109 0.174479
7 0.877749 0.416667 0.219618 0.19401
7 0.772425 0.604384 0.228877 0.165799
11 0.507523 0.844293 0.052083 0.04579
0 0.342303 0.704753 0.173611 0.189453
0 0.222801 0.740777 0.144676 0.189019
10 0.474971 0.842665 0.22309 0.166667
11 0.777778 0.605903 0.060185 0.040365
6 0.64294 0.361003 0.26331 0.10395
