0 0.144531 0.214844 0.223669 0.159722
7 0.625868 0.327365 0.193287 0.152127
0 0.297598 0.27908 0.167535 0.141059
4 0.566406 0.169813 0.193576 0.103082
9 0.359809 0.698568 0.395544 0.27474
5 0.644387 0.619792 0.171875 0.194444
7 0.388744 0.473958 0.206308 0.186198
9 0.165509 0.496311 0.314236 0.277344
7 0.326534 0.129557 0.219618 0.122396
8 0.79456 0.328234 0.222222 0.186415
11 0.091869 0.419271 0.063368 0.044705
6 0.7364 0.598416 0.119213 0.160807
6 0.731047 0.528971 0.180845 0.10395
11 0.540075 0.443576 0.054109 0.036024
7 0.548611 0.440647 0.213542 0.154731
11 0.375 0.473958 0.059028 0.036892
11 0.405527 0.302083 0.057581 0.044271
11 0.573061 0.138672 0.048322 0.03342
4 0.583044 0.231337 0.188079 0.075955
0 0.39945 0.309462 0.166377 0.152778
0 0.264612 0.213433 0.108507 0.123915
