0 0.657661 0.284288 0.113932 0.235243
6 0.812934 0.790509 0.135851 0.211806
4 0.542752 0.289352 0.109375 0.208333
7 0.447374 0.669271 0.103082 0.203125
7 0.641493 0.68316 0.108941 0.207755
7 0.353516 0.678241 0.092882 0.188657
9 0.137587 0.374421 0.167969 0.166667
7 0.266276 0.663339 0.086372 0.192419
7 0.541124 0.696036 0.097005 0.206308
0 0.64822 0.431858 0.099392 0.078993
5 0.933811 0.775752 0.133681 0.239005
11 0.298394 0.431713 0.03559 0.045718
0 0.646593 0.496962 0.097005 0.052951
4 0.541124 0.488426 0.097005 0.08912
4 0.532227 0.41739 0.095269 0.051794
11 0.25727 0.458767 0.042318 0.051794
8 0.121853 0.586661 0.168186 0.184317
