6 0.874711 0.443685 0.243634 0.17947
6 0.808883 0.281684 0.257812 0.188368
0 0.858073 0.644097 0.276331 0.142795
1 0.3193 0.319336 0.228877 0.136936
4 0.569444 0.190538 0.262731 0.153646
1 0.253617 0.518446 0.253183 0.129774
7 0.525174 0.404622 0.280093 0.164714
5 0.21875 0.163411 0.262153 0.136285
0 0.620804 0.54579 0.260127 0.200521
2 0.271123 0.703993 0.270833 0.143663
8 0.590712 0.850369 0.355035 0.26237
11 0.490017 0.665256 0.055266 0.054036
11 0.246672 0.434787 0.057002 0.042752
11 0.712529 0.675998 0.055266 0.041233
