3 0.206019 0.512804 0.242477 0.15842
2 0.189236 0.370443 0.285301 0.128906
0 0.451968 0.238064 0.248843 0.152344
7 0.521991 0.434353 0.261574 0.121745
7 0.757089 0.418077 0.233507 0.120009
5 0.76548 0.543728 0.213831 0.111762
1 0.162471 0.243273 0.300058 0.16276
3 0.164207 0.729275 0.238137 0.14388
1 0.532986 0.552734 0.23669 0.121094
0 0.622541 0.23839 0.086516 0.126085
3 0.547743 0.716797 0.203125 0.126736
0 0.773438 0.212891 0.090278 0.135417
6 0.750289 0.681749 0.217014 0.134332
0 0.698495 0.233507 0.068866 0.128472
