7 0.167969 0.633247 0.27691 0.121528
5 0.161603 0.472548 0.242766 0.121745
0 0.480613 0.810872 0.24537 0.112196
7 0.433304 0.630751 0.256655 0.1148
3 0.741464 0.573025 0.228877 0.142144
2 0.738426 0.702582 0.235532 0.103082
1 0.739294 0.801215 0.253472 0.124566
3 0.752894 0.362305 0.222801 0.154297
1 0.432147 0.459418 0.2636 0.142361
3 0.42202 0.313802 0.214988 0.137153
6 0.167824 0.316298 0.274884 0.139106
0 0.16276 0.83431 0.113715 0.123047
0 0.243779 0.81684 0.083044 0.125
0 0.327112 0.812391 0.08941 0.113932
