0 0.703559 0.669379 0.288484 0.153429
4 0.338397 0.367839 0.183738 0.12934
4 0.341146 0.246311 0.160301 0.130642
7 0.861545 0.454861 0.210359 0.168403
6 0.645399 0.288845 0.213831 0.138021
5 0.227575 0.562609 0.256076 0.16862
4 0.482639 0.353299 0.142361 0.115885
8 0.130787 0.29362 0.261574 0.187066
2 0.4307 0.50803 0.21441 0.16059
7 0.413628 0.69553 0.264178 0.201823
0 0.656684 0.53418 0.264757 0.174696
4 0.482928 0.259549 0.127315 0.075521
11 0.649884 0.508247 0.064236 0.042969
11 0.415509 0.500651 0.049769 0.041233
11 0.459346 0.261176 0.046586 0.034939
11 0.412326 0.652127 0.05787 0.043403
5 0.277488 0.482747 0.20544 0.103082
0 0.770544 0.599392 0.139468 0.097656
5 0.707465 0.383572 0.203704 0.127821
