0 0.75651 0.29503 0.266493 0.169922
7 0.487124 0.622287 0.232928 0.191623
7 0.687066 0.793077 0.286169 0.223307
1 0.162905 0.323893 0.163773 0.146484
10 0.405382 0.271484 0.207755 0.162326
9 0.191985 0.77474 0.27691 0.270833
7 0.283565 0.513563 0.177662 0.166884
11 0.378472 0.532444 0.050926 0.038411
11 0.387587 0.777235 0.057581 0.044922
7 0.689525 0.453668 0.199074 0.187283
7 0.809317 0.636936 0.289352 0.217014
3 0.161314 0.461046 0.166377 0.142578
2 0.228009 0.361003 0.132523 0.100911
0 0.682147 0.194336 0.203414 0.142578
0 0.823206 0.216905 0.16956 0.1148
