4 0.290799 0.219329 0.394097 0.395833
4 0.517795 0.263889 0.065104 0.309028
4 0.595486 0.252315 0.081597 0.285880
4 0.664062 0.296875 0.060764 0.287037
4 0.724392 0.299769 0.054688 0.274306
4 0.792535 0.295718 0.078125 0.259259
4 0.866753 0.285301 0.068576 0.247685
4 0.927083 0.293981 0.046875 0.239583
0 0.222222 0.688657 0.423611 0.343750
0 0.481771 0.681713 0.107639 0.297454
0 0.573351 0.687500 0.068576 0.285880
0 0.638889 0.642940 0.086806 0.282407
0 0.723524 0.622685 0.101562 0.262731
0 0.796441 0.619213 0.080729 0.253472
0 0.864149 0.609375 0.080729 0.240741
0 0.925781 0.614005 0.070312 0.236111
