11 0.704427 0.636574 0.045139 0.060185
11 0.575521 0.303819 0.046007 0.054398
11 0.211372 0.138889 0.045139 0.055556
11 0.168837 0.304977 0.045139 0.059028
11 0.18316 0.403935 0.040799 0.060185
1 0.418837 0.549769 0.135417 0.261574
1 0.453125 0.67419 0.125868 0.255787
2 0.270399 0.558449 0.126736 0.258102
2 0.326389 0.647569 0.124132 0.248843
3 0.195312 0.635995 0.125868 0.258102
10 0.571181 0.609375 0.125868 0.265046
9 0.767795 0.465278 0.274306 0.229167
8 0.638021 0.163194 0.257812 0.219907
8 0.351562 0.244213 0.268229 0.256944
