0 0.846499 0.181641 0.213831 0.111111
0 0.828993 0.253581 0.210648 0.101345
0 0.845197 0.352214 0.202546 0.119792
3 0.530816 0.333116 0.213831 0.125
2 0.547164 0.447917 0.207755 0.111111
1 0.591001 0.550564 0.211516 0.113715
4 0.85489 0.555122 0.193576 0.09809
4 0.840422 0.620877 0.192998 0.059896
4 0.811921 0.676541 0.20081 0.070964
4 0.79485 0.731337 0.194444 0.066406
7 0.470775 0.769857 0.206019 0.143446
7 0.368345 0.690538 0.209491 0.145399
5 0.257812 0.379883 0.219907 0.128689
5 0.120515 0.42296 0.126447 0.109809
6 0.129774 0.291016 0.227141 0.128906
