9 0.241211 0.515046 0.199002 0.239583
4 0.875977 0.712384 0.087891 0.177662
9 0.166992 0.721209 0.205946 0.230613
7 0.465061 0.520255 0.133247 0.22338
7 0.487956 0.726273 0.107856 0.226852
5 0.586806 0.719618 0.085938 0.188657
6 0.710178 0.8682 0.129123 0.236979
7 0.371745 0.766638 0.137587 0.239873
0 0.79579 0.670573 0.09375 0.180845
1 0.627496 0.515625 0.091797 0.184028
0 0.754883 0.55353 0.097439 0.162037
11 0.200195 0.872106 0.049262 0.059028
4 0.86773 0.581887 0.087457 0.084491
11 0.265408 0.87934 0.046007 0.05787
4 0.85829 0.518229 0.082899 0.061921
6 0.710178 0.715712 0.090495 0.122975
5 0.608615 0.865596 0.110894 0.228299
