0 0.236545 0.191551 0.128906 0.265625
0 0.310764 0.232350 0.084201 0.234954
0 0.417101 0.246817 0.111111 0.239583
3 0.353299 0.546296 0.101997 0.184028
2 0.467990 0.565972 0.096137 0.179977
1 0.582791 0.558883 0.101780 0.181424
5 0.364800 0.772425 0.098524 0.150752
5 0.386827 0.879919 0.087457 0.076389
6 0.278320 0.835938 0.097873 0.141204
7 0.670247 0.787326 0.128255 0.168403
7 0.777452 0.734375 0.136068 0.181713
4 0.652778 0.296296 0.143229 0.245370
4 0.731988 0.333623 0.111111 0.236111
4 0.784939 0.378328 0.127604 0.227141
4 0.829427 0.412182 0.103299 0.206887
