0 0.37037 0.334852 0.207176 0.098524
6 0.813657 0.199653 0.186921 0.104601
7 0.750723 0.628581 0.198785 0.10178
7 0.751157 0.439345 0.196759 0.096137
9 0.444878 0.872721 0.179109 0.20421
7 0.737992 0.723958 0.2011 0.096354
7 0.734954 0.532552 0.191551 0.096354
4 0.373553 0.437283 0.196181 0.105903
7 0.735243 0.343533 0.195602 0.098958
0 0.506944 0.341254 0.072917 0.087457
4 0.556424 0.441081 0.086227 0.097873
5 0.793981 0.097548 0.203125 0.114366
11 0.505064 0.686632 0.044271 0.039931
4 0.490885 0.447266 0.051215 0.092882
0 0.563368 0.341254 0.047454 0.092665
11 0.533131 0.729275 0.046586 0.040582
8 0.669994 0.889648 0.177951 0.212891
