10 0.319444 0.833333 0.199653 0.325231
1 0.278212 0.510417 0.228299 0.336806
1 0.292969 0.349537 0.190104 0.281250
2 0.430990 0.300926 0.141493 0.255787
2 0.481337 0.399884 0.153646 0.289352
3 0.617622 0.328125 0.125868 0.250000
11 0.634983 0.533565 0.042535 0.070602
11 0.594618 0.559606 0.043403 0.060185
11 0.595052 0.085648 0.044271 0.068287
11 0.431424 0.054398 0.050347 0.072917
5 0.480469 0.754051 0.184896 0.326389
5 0.565104 0.721065 0.107639 0.278935
6 0.674045 0.719329 0.101562 0.252315
6 0.720920 0.757523 0.113715 0.259259
6 0.786892 0.815394 0.132812 0.277778
