0 0.323893 0.24537 0.185547 0.26794
9 0.785699 0.815538 0.261068 0.280382
7 0.818576 0.334201 0.212674 0.279514
7 0.648872 0.524884 0.19184 0.240741
11 0.797635 0.621094 0.044488 0.05353
10 0.275174 0.607928 0.177517 0.221644
7 0.52691 0.732494 0.164062 0.195891
7 0.486654 0.313802 0.199436 0.206308
1 0.316081 0.869213 0.164714 0.177662
11 0.551649 0.636574 0.038628 0.056713
3 0.46658 0.867622 0.157986 0.182581
0 0.204861 0.325376 0.15408 0.20978
0 0.241319 0.168547 0.104601 0.153067
7 0.672635 0.231047 0.21072 0.278067
2 0.362522 0.795284 0.113064 0.133391
