6 0.711516 0.417209 0.240162 0.129557
0 0.528356 0.860894 0.104167 0.126302
7 0.245804 0.604058 0.239873 0.119141
9 0.601128 0.194336 0.20978 0.240668
4 0.467448 0.72526 0.108507 0.122396
0 0.455006 0.859375 0.065104 0.122396
7 0.220486 0.72385 0.221644 0.11697
4 0.74103 0.739909 0.270255 0.141276
0 0.709346 0.870117 0.274595 0.136936
5 0.760127 0.575521 0.271991 0.12066
7 0.236111 0.849609 0.248843 0.132378
7 0.251157 0.373155 0.226273 0.1148
7 0.232784 0.485786 0.22772 0.1148
4 0.568432 0.719401 0.091725 0.123264
11 0.496817 0.362413 0.056713 0.046875
11 0.529803 0.414822 0.049769 0.040148
8 0.337674 0.176975 0.226852 0.225477
