7 0.135851 0.256076 0.220486 0.355903
5 0.650065 0.530093 0.156467 0.304977
7 0.288194 0.605179 0.162326 0.258391
5 0.672201 0.721209 0.151259 0.135706
7 0.141602 0.558015 0.159939 0.270544
7 0.150391 0.767072 0.145399 0.211227
6 0.457574 0.647714 0.171224 0.246817
11 0.316298 0.349537 0.066623 0.078125
11 0.082899 0.559317 0.06684 0.067708
7 0.335286 0.339844 0.197917 0.389757
7 0.29503 0.813657 0.149523 0.170718
11 0.587023 0.752604 0.049045 0.074653
11 0.599935 0.509693 0.064887 0.075521
6 0.479167 0.806713 0.133681 0.09838
5 0.623698 0.823495 0.122396 0.122685
11 0.326389 0.804398 0.048611 0.063657
11 0.465278 0.63831 0.053819 0.069444
