11 0.771701 0.600694 0.03559 0.053241
11 0.694444 0.313657 0.046007 0.050926
11 0.288194 0.454282 0.052951 0.077546
11 0.262587 0.332176 0.053819 0.076389
11 0.311198 0.103009 0.060764 0.083333
2 0.396701 0.609375 0.150174 0.295139
2 0.456163 0.690972 0.123264 0.259259
3 0.319878 0.711227 0.137153 0.28125
1 0.544271 0.565972 0.125868 0.275463
1 0.580295 0.684028 0.098958 0.24537
9 0.817708 0.457176 0.179688 0.203704
9 0.747396 0.151042 0.212674 0.246528
10 0.677083 0.600116 0.101562 0.237269
8 0.467882 0.228009 0.301215 0.324074
