0 0.765082 0.751447 0.199002 0.234375
7 0.719076 0.282263 0.169922 0.170428
7 0.392470 0.646557 0.241102 0.233507
6 0.434245 0.352431 0.140625 0.231481
5 0.242622 0.394387 0.154080 0.265625
0 0.706163 0.555122 0.176215 0.197627
7 0.583442 0.454572 0.188151 0.206019
7 0.365126 0.134549 0.184679 0.171296
7 0.555122 0.200087 0.173611 0.196470
11 0.824761 0.376447 0.040148 0.054398
10 0.832682 0.403501 0.164497 0.198206
11 0.560655 0.189381 0.040582 0.045428
6 0.348524 0.345631 0.098524 0.204572
0 0.767795 0.637442 0.202257 0.143519
