7 0.823785 0.663773 0.175781 0.271412
7 0.594076 0.868779 0.143012 0.240451
2 0.797852 0.418403 0.245443 0.24537
1 0.757921 0.16985 0.138238 0.265625
3 0.469076 0.174913 0.133898 0.265336
4 0.24273 0.564959 0.14822 0.199363
4 0.249457 0.429253 0.119575 0.239294
4 0.345161 0.163339 0.164714 0.188368
4 0.586914 0.260706 0.172092 0.28125
0 0.354167 0.355035 0.169271 0.216435
0 0.425998 0.571904 0.116753 0.237558
0 0.527127 0.644821 0.170573 0.147859
5 0.368056 0.740596 0.144531 0.239294
5 0.651584 0.532552 0.1773 0.276331
6 0.257704 0.802517 0.152561 0.189525
