0 0.685655 0.522859 0.191189 0.239005
4 0.282227 0.501013 0.183811 0.175058
0 0.857639 0.516782 0.137587 0.217014
6 0.319227 0.173756 0.197917 0.231192
2 0.549913 0.619647 0.141493 0.233507
7 0.700629 0.187934 0.202474 0.237558
3 0.407444 0.672454 0.166450 0.204861
5 0.569661 0.330874 0.173177 0.260706
7 0.133464 0.322772 0.168403 0.286169
11 0.715712 0.260561 0.042101 0.067419
7 0.205187 0.706742 0.166016 0.184317
11 0.486871 0.175492 0.036675 0.070891
11 0.726345 0.589844 0.049913 0.058738
11 0.412543 0.717014 0.039062 0.060764
7 0.446181 0.417101 0.113281 0.225984
11 0.145399 0.302373 0.047309 0.075231
11 0.224935 0.733362 0.047960 0.059317
3 0.487413 0.675492 0.103733 0.196470
0 0.728082 0.591725 0.112847 0.159722
0 0.803602 0.558304 0.072049 0.203993
6 0.346788 0.289352 0.158420 0.138310
4 0.318685 0.596499 0.143446 0.119502
11 0.423177 0.379919 0.039497 0.051505
