4 0.635706 0.893772 0.249421 0.1977
4 0.825666 0.67372 0.21441 0.200738
4 0.800637 0.535699 0.260417 0.143012
4 0.820168 0.268229 0.257234 0.146701
0 0.609664 0.428711 0.26331 0.163845
0 0.41059 0.312609 0.226273 0.19987
0 0.54919 0.289171 0.210648 0.20204
6 0.161169 0.23112 0.232639 0.121962
5 0.166088 0.374349 0.238426 0.136285
5 0.331163 0.494466 0.269387 0.1773
7 0.132668 0.591797 0.261285 0.177517
7 0.230469 0.770291 0.233507 0.115234
2 0.407552 0.776259 0.248553 0.134549
1 0.60272 0.693576 0.267361 0.162326
3 0.591725 0.559245 0.259259 0.139323
