4 0.36697 0.719329 0.125434 0.21412
0 0.247396 0.628762 0.11849 0.239583
7 0.125 0.556134 0.132812 0.239583
2 0.593316 0.556568 0.117622 0.219618
1 0.483724 0.549913 0.124566 0.226562
0 0.24783 0.472801 0.119792 0.099537
3 0.697266 0.583623 0.112413 0.222222
6 0.92806 0.6807 0.127387 0.207465
4 0.369683 0.49349 0.109592 0.082465
7 0.157118 0.825087 0.120226 0.22309
5 0.843967 0.52908 0.103299 0.131076
5 0.826714 0.688657 0.115234 0.219329
4 0.366753 0.570312 0.104167 0.083912
11 0.474067 0.696904 0.034505 0.052951
6 0.946723 0.541377 0.106554 0.090856
