4 0.587999 0.784722 0.177734 0.145255
1 0.355035 0.813223 0.165799 0.154803
0 0.392904 0.382668 0.167318 0.147859
4 0.589627 0.928819 0.181424 0.135995
0 0.418294 0.239439 0.161675 0.140914
0 0.430773 0.104167 0.160156 0.147569
6 0.21582 0.443287 0.152561 0.146412
5 0.394206 0.584201 0.165582 0.144676
2 0.587891 0.555845 0.179688 0.16088
7 0.841688 0.533999 0.182509 0.16059
3 0.598307 0.412326 0.170573 0.155671
7 0.85178 0.685041 0.181424 0.162905
11 0.58572 0.245804 0.039062 0.051794
11 0.701389 0.246383 0.038194 0.054688
5 0.22168 0.585069 0.16645 0.154514
