4 0.783095 0.321325 0.162977 0.180845
0 0.298937 0.527633 0.201172 0.198206
7 0.222331 0.315972 0.235026 0.269097
7 0.601345 0.248987 0.132378 0.262442
6 0.554688 0.51577 0.140625 0.19647
7 0.447483 0.312211 0.179253 0.261574
2 0.554253 0.810185 0.100694 0.163773
7 0.730252 0.157118 0.157118 0.228588
5 0.68099 0.612847 0.104601 0.14294
11 0.396918 0.657263 0.042969 0.05353
1 0.773003 0.66088 0.124566 0.179977
11 0.415907 0.311487 0.048394 0.061632
11 0.325846 0.78125 0.038845 0.050926
0 0.42947 0.603443 0.078125 0.190104
2 0.439345 0.827402 0.139106 0.175058
11 0.8023 0.668403 0.036458 0.052662
0 0.355252 0.590422 0.140191 0.182002
1 0.635308 0.792535 0.113064 0.154514
5 0.655707 0.5068 0.106554 0.199942
6 0.567925 0.641782 0.097656 0.144676
4 0.840169 0.444734 0.115668 0.167824
4 0.801432 0.416522 0.134115 0.132812
11 0.785699 0.442998 0.035373 0.052662
7 0.286133 0.773003 0.182943 0.182002
