0 0.881944 0.523727 0.174045 0.245949
4 0.782878 0.855179 0.228950 0.220775
5 0.088216 0.762153 0.152995 0.253472
7 0.541233 0.392072 0.119358 0.263310
4 0.474609 0.709201 0.111111 0.278356
7 0.382595 0.393519 0.151042 0.250000
6 0.245226 0.792245 0.194444 0.344907
0 0.713759 0.453125 0.116319 0.228009
5 0.099284 0.548900 0.122613 0.159722
4 0.632812 0.759259 0.162760 0.303241
4 0.372613 0.735822 0.104167 0.288194
11 0.067600 0.689091 0.047526 0.059317
11 0.620985 0.578125 0.047526 0.066551
0 0.787001 0.467737 0.137804 0.250289
4 0.724609 0.728154 0.185330 0.149016
4 0.563043 0.727720 0.111762 0.280093
6 0.226237 0.593316 0.135634 0.216146
