7 0.311089 0.451823 0.098741 0.203993
5 0.913303 0.440249 0.10829 0.186053
5 0.899306 0.588831 0.111111 0.137731
7 0.410807 0.680556 0.101997 0.157407
0 0.548177 0.374277 0.121528 0.200521
8 0.405599 0.86603 0.197049 0.171296
7 0.422092 0.469184 0.101128 0.205729
7 0.168837 0.450666 0.108941 0.2011
5 0.926215 0.236545 0.119792 0.23235
4 0.669271 0.403935 0.116753 0.200231
6 0.798828 0.241175 0.119792 0.242766
6 0.801758 0.429253 0.113932 0.166377
11 0.240885 0.64974 0.034722 0.047164
4 0.669705 0.571904 0.101128 0.134549
11 0.201172 0.686487 0.036892 0.060475
0 0.556098 0.53588 0.10612 0.122106
6 0.795898 0.580874 0.112196 0.15191
