4 0.357784 0.560221 0.206887 0.094401
7 0.318287 0.082682 0.247106 0.160156
5 0.50651 0.254991 0.132234 0.104167
6 0.303096 0.37576 0.24566 0.171658
5 0.330729 0.251302 0.218171 0.117188
0 0.494647 0.904622 0.228299 0.150391
4 0.235388 0.799262 0.189525 0.162326
0 0.558015 0.764648 0.200521 0.096571
11 0.297743 0.08138 0.05787 0.047309
11 0.390625 0.23546 0.054398 0.041233
4 0.342014 0.479709 0.228009 0.080512
4 0.319878 0.698351 0.184896 0.130642
0 0.541522 0.824219 0.214988 0.134983
4 0.330295 0.766385 0.118924 0.146484
4 0.336806 0.622721 0.217014 0.094401
6 0.467593 0.360786 0.157986 0.106988
7 0.448061 0.104601 0.20978 0.126302
