0 0.773438 0.280093 0.305556 0.265046
0 0.590278 0.309606 0.102431 0.247685
0 0.502604 0.329861 0.090278 0.237269
0 0.426649 0.337384 0.082465 0.243056
0 0.340278 0.338542 0.086806 0.238426
0 0.252604 0.311921 0.074653 0.24537
0 0.177083 0.311921 0.071181 0.238426
0 0.109375 0.327546 0.069444 0.241898
4 0.751302 0.742477 0.318576 0.25463
4 0.563802 0.695602 0.094618 0.253472
4 0.490017 0.761574 0.108507 0.262731
4 0.416667 0.766782 0.095486 0.266204
4 0.333767 0.802662 0.096354 0.263889
4 0.250434 0.781829 0.09809 0.261574
4 0.165365 0.775463 0.085938 0.262731
4 0.083767 0.768519 0.078993 0.262731
