6 0.696904 0.412543 0.221933 0.121528
0 0.561632 0.841037 0.090278 0.115668
7 0.249421 0.609701 0.261574 0.119141
0 0.720197 0.833116 0.23669 0.119358
7 0.227865 0.737522 0.260127 0.129557
9 0.584201 0.189345 0.216435 0.240668
4 0.588397 0.703451 0.085359 0.115668
4 0.744358 0.709635 0.217303 0.119792
7 0.221933 0.488498 0.259838 0.124566
4 0.491464 0.716905 0.108507 0.118273
7 0.258247 0.863607 0.265914 0.139106
5 0.751302 0.56326 0.236979 0.119575
7 0.233362 0.368381 0.254919 0.125217
0 0.487992 0.844293 0.058738 0.119575
11 0.497975 0.357313 0.056713 0.04796
11 0.53342 0.409288 0.050058 0.041233
8 0.316117 0.159288 0.225984 0.232639
