7 0.595052 0.366428 0.266493 0.147352
7 0.592014 0.521267 0.248843 0.119792
0 0.437066 0.826497 0.247975 0.203342
4 0.29456 0.4426 0.243056 0.100911
4 0.159288 0.698459 0.171586 0.17079
0 0.517216 0.679905 0.238137 0.125434
5 0.266638 0.102322 0.225984 0.116102
6 0.398003 0.215061 0.213831 0.135851
4 0.279369 0.342665 0.249711 0.099392
11 0.40162 0.580946 0.05787 0.045573
5 0.457899 0.092014 0.149016 0.113281
4 0.246238 0.586914 0.207176 0.139974
11 0.33015 0.071723 0.053241 0.04145
6 0.242911 0.236437 0.25434 0.168186
4 0.275463 0.514214 0.234375 0.091363
4 0.271267 0.662543 0.108507 0.144965
0 0.504774 0.753689 0.228299 0.12717
