7 0.671115 0.429688 0.138672 0.251736
7 0.799805 0.527488 0.133898 0.240162
5 0.666775 0.746528 0.174262 0.252894
6 0.471571 0.811777 0.171875 0.278646
7 0.38878 0.48886 0.122613 0.220775
7 0.31174 0.244792 0.123481 0.212384
1 0.818251 0.240162 0.149523 0.237847
1 0.24197 0.466146 0.108073 0.203704
7 0.540582 0.481047 0.11849 0.231192
3 0.35612 0.716869 0.145833 0.252604
0 0.623698 0.180122 0.151042 0.216725
0 0.465495 0.166522 0.108073 0.184896
11 0.24056 0.628328 0.037543 0.052951
11 0.309353 0.632812 0.039714 0.047454
