7 0.366536 0.487847 0.141927 0.242477
7 0.67003 0.450087 0.132161 0.249711
5 0.643121 0.758247 0.154297 0.22309
7 0.279188 0.196904 0.144748 0.274595
6 0.455838 0.814815 0.200738 0.247685
7 0.535048 0.496238 0.126953 0.240162
7 0.785265 0.565828 0.130859 0.234664
1 0.203342 0.446759 0.114149 0.242477
0 0.464084 0.132234 0.123481 0.226273
1 0.828016 0.273438 0.130859 0.237269
0 0.636285 0.174334 0.151042 0.252025
11 0.285265 0.64077 0.041884 0.054109
11 0.209418 0.63151 0.046007 0.055845
3 0.337023 0.724392 0.154948 0.233507
