5 0.190249 0.470052 0.287905 0.133681
3 0.500868 0.315538 0.237847 0.169705
7 0.454861 0.644531 0.258681 0.115451
1 0.713976 0.817925 0.260127 0.108941
7 0.17853 0.632378 0.287616 0.122396
1 0.484664 0.472439 0.291088 0.146701
3 0.833189 0.400282 0.244502 0.17513
0 0.471933 0.809679 0.240162 0.110243
6 0.215133 0.296549 0.3261 0.171224
2 0.737847 0.728082 0.23669 0.111979
3 0.765191 0.613064 0.242188 0.126736
0 0.157841 0.816949 0.101562 0.102214
0 0.322917 0.805013 0.091435 0.098307
0 0.241609 0.808811 0.081597 0.102865
