4 0.275608 0.357060 0.306424 0.243056
4 0.454861 0.351852 0.064236 0.232639
4 0.522569 0.337963 0.088542 0.244213
4 0.594184 0.355324 0.077257 0.237269
4 0.655382 0.349537 0.074653 0.228009
4 0.726128 0.340278 0.084201 0.228009
4 0.802951 0.327546 0.081597 0.230324
4 0.878038 0.328125 0.068576 0.236111
0 0.240885 0.671296 0.296007 0.237269
0 0.427951 0.681134 0.104167 0.240741
0 0.517795 0.680556 0.082465 0.230324
0 0.578125 0.645833 0.074653 0.218750
0 0.657552 0.635417 0.098090 0.230324
0 0.736111 0.634259 0.083333 0.237269
0 0.812066 0.625579 0.089410 0.233796
0 0.884983 0.627315 0.080729 0.239583
