0 0.181641 0.153501 0.111111 0.213831
0 0.253581 0.171007 0.101345 0.210648
0 0.352214 0.154803 0.119792 0.202546
3 0.333116 0.469184 0.125000 0.213831
2 0.447917 0.452836 0.111111 0.207755
1 0.550564 0.408999 0.113715 0.211516
4 0.555122 0.145110 0.098090 0.193576
4 0.620877 0.159578 0.059896 0.192998
4 0.676541 0.188079 0.070964 0.200810
4 0.731337 0.205150 0.066406 0.194444
7 0.769857 0.529225 0.143446 0.206019
7 0.690538 0.631655 0.145399 0.209491
5 0.379883 0.742188 0.128689 0.219907
5 0.422960 0.879485 0.109809 0.126447
6 0.291016 0.870226 0.128906 0.227141
