2 0.328668 0.786892 0.126953 0.259549
1 0.217339 0.814236 0.136502 0.273148
3 0.678060 0.820747 0.153863 0.247975
7 0.374349 0.276042 0.102865 0.198495
7 0.386719 0.485243 0.120660 0.234954
0 0.215169 0.547598 0.126953 0.210938
1 0.501302 0.465856 0.121962 0.224537
6 0.634657 0.254196 0.132161 0.194155
5 0.496853 0.257957 0.103082 0.192998
3 0.454536 0.772135 0.164280 0.202257
3 0.673937 0.444300 0.150825 0.183738
0 0.197483 0.278935 0.117622 0.091435
0 0.215061 0.407118 0.107639 0.071181
0 0.209201 0.335503 0.112413 0.067998
