7 0.273727 0.549913 0.127315 0.169271
7 0.306713 0.380642 0.15625 0.184896
7 0.413194 0.588108 0.158565 0.181424
7 0.456597 0.40842 0.166667 0.193576
7 0.579282 0.612413 0.155093 0.190104
7 0.775463 0.635851 0.179398 0.197049
7 0.811343 0.43099 0.195602 0.216146
7 0.623264 0.420573 0.180556 0.197049
7 0.470486 0.198351 0.185185 0.217882
7 0.638889 0.208767 0.195602 0.22309
7 0.829282 0.207031 0.222222 0.243924
7 0.265625 0.167535 0.157407 0.208333
11 0.219907 0.333767 0.045139 0.047743
0 0.291667 0.726562 0.158565 0.161458
0 0.372685 0.75434 0.105324 0.149306
4 0.579861 0.796875 0.177083 0.196181
4 0.679977 0.825521 0.113426 0.163194
4 0.753472 0.828559 0.123843 0.171007
