6 0.816515 0.409722 0.153429 0.251736
7 0.680664 0.178819 0.179036 0.276042
0 0.272678 0.820168 0.14605 0.248553
6 0.794596 0.668403 0.136502 0.249421
7 0.635525 0.525752 0.215061 0.280671
4 0.3023 0.183594 0.121962 0.27228
7 0.440213 0.818576 0.152127 0.226273
7 0.504666 0.391782 0.142578 0.269676
7 0.336806 0.551794 0.122396 0.248843
7 0.620009 0.809462 0.172743 0.241609
11 0.468967 0.601852 0.045573 0.065972
11 0.229275 0.369502 0.041884 0.060185
11 0.424479 0.161748 0.047309 0.071759
11 0.683919 0.657986 0.042318 0.063079
11 0.191732 0.567419 0.045356 0.065972
