1 0.504123 0.299769 0.15191 0.275463
1 0.682834 0.432581 0.13303 0.233218
2 0.344618 0.256221 0.105903 0.242188
0 0.428928 0.611256 0.145182 0.253183
6 0.470703 0.863137 0.111979 0.209491
0 0.327474 0.76331 0.083767 0.21412
4 0.760959 0.729167 0.133898 0.247106
6 0.618598 0.885995 0.139106 0.212384
7 0.558268 0.593605 0.119575 0.234086
8 0.209744 0.478733 0.183811 0.300637
5 0.886719 0.388455 0.197049 0.285012
11 0.316189 0.643663 0.040799 0.049479
11 0.345269 0.469763 0.043837 0.046586
11 0.578451 0.328414 0.044922 0.056713
