0 0.516059 0.246528 0.108507 0.061343
0 0.527778 0.299769 0.107639 0.056713
0 0.538628 0.368056 0.115451 0.079861
0 0.535590 0.432870 0.114583 0.061343
0 0.555122 0.501157 0.117188 0.086806
0 0.576823 0.574074 0.122396 0.075231
0 0.598090 0.646991 0.121528 0.089120
0 0.638889 0.831597 0.171875 0.307870
4 0.357639 0.247685 0.111111 0.082176
4 0.369792 0.315394 0.111111 0.064815
4 0.362413 0.387153 0.113715 0.083333
4 0.369358 0.458912 0.117188 0.060185
4 0.385417 0.517361 0.116319 0.063657
4 0.378472 0.579282 0.114583 0.069444
4 0.377604 0.653356 0.119792 0.069444
4 0.420573 0.834491 0.165799 0.302083
10 0.204427 0.284722 0.115451 0.184028
11 0.643663 0.427083 0.042535 0.054398
11 0.677083 0.484954 0.043403 0.049769
