4 0.31901 0.702691 0.179253 0.168692
0 0.759983 0.582755 0.148438 0.158565
4 0.258898 0.574074 0.144531 0.183449
5 0.443359 0.527488 0.115451 0.233218
7 0.659071 0.222656 0.152344 0.199942
2 0.542643 0.199074 0.113064 0.217014
6 0.543186 0.541956 0.127604 0.225116
1 0.295898 0.312355 0.14171 0.227141
7 0.808919 0.771412 0.159505 0.193287
7 0.633898 0.748987 0.143663 0.265914
7 0.391168 0.860098 0.178602 0.203993
5 0.403212 0.394097 0.119358 0.132523
11 0.688694 0.436053 0.041884 0.051505
7 0.796549 0.331453 0.131293 0.22772
11 0.663194 0.760995 0.041667 0.060185
7 0.504015 0.782407 0.123047 0.233218
11 0.7602 0.320023 0.036024 0.056713
11 0.257595 0.295862 0.038628 0.061632
11 0.313911 0.58261 0.041884 0.070891
4 0.279622 0.611545 0.148655 0.139757
1 0.445095 0.191117 0.137587 0.20978
0 0.717556 0.500723 0.136502 0.108507
0 0.673937 0.455729 0.101345 0.177083
6 0.524631 0.403067 0.106988 0.159144
