7 0.276186 0.311849 0.239294 0.121528
7 0.314381 0.431858 0.226562 0.104601
7 0.510127 0.413954 0.210648 0.136068
9 0.326678 0.126302 0.202546 0.206597
1 0.519676 0.588216 0.178241 0.100043
4 0.313368 0.891819 0.218171 0.110026
5 0.162326 0.556858 0.23669 0.106771
9 0.51114 0.207248 0.207465 0.192708
6 0.28342 0.664605 0.190683 0.139974
0 0.361545 0.78418 0.21441 0.1148
4 0.528935 0.865017 0.070023 0.110677
11 0.180122 0.200738 0.056424 0.043837
11 0.189815 0.142144 0.052662 0.042535
4 0.458333 0.880859 0.086227 0.112847
0 0.487269 0.734158 0.164352 0.096788
6 0.147425 0.683485 0.258391 0.147352
5 0.337095 0.538194 0.157986 0.101562
