4 0.569155 0.292752 0.260417 0.321181
4 0.599392 0.485677 0.223669 0.059896
4 0.621817 0.554905 0.238426 0.081597
4 0.606192 0.625977 0.228009 0.069227
4 0.612558 0.675347 0.224537 0.079861
4 0.61603 0.748047 0.210648 0.080729
4 0.637153 0.832465 0.212963 0.079861
4 0.642072 0.903863 0.221065 0.0625
0 0.274884 0.266493 0.226852 0.296875
0 0.282407 0.453559 0.188657 0.101562
0 0.285301 0.532552 0.180556 0.073785
0 0.326968 0.597656 0.199074 0.065104
0 0.340278 0.669705 0.197917 0.077257
0 0.344329 0.739583 0.194444 0.067708
0 0.35706 0.807726 0.199074 0.070312
0 0.362847 0.875 0.203704 0.0625
