10 0.848669 0.726237 0.302662 0.21072
11 0.530671 0.453559 0.06713 0.049479
11 0.500579 0.411892 0.064815 0.044271
11 0.095486 0.497396 0.06713 0.048611
11 0.116319 0.663194 0.078704 0.048611
3 0.301505 0.449219 0.25463 0.153646
2 0.409722 0.590712 0.265046 0.150174
2 0.326389 0.650174 0.237269 0.140625
1 0.392361 0.772569 0.244213 0.180556
1 0.548611 0.779514 0.304398 0.222222
5 0.76331 0.564236 0.347222 0.222222
5 0.716435 0.467882 0.302083 0.145833
6 0.701389 0.34809 0.290509 0.119792
6 0.729167 0.274306 0.297454 0.112847
6 0.795718 0.181424 0.333333 0.142361
