0 0.290799 0.109520 0.248698 0.211516
7 0.652669 0.199219 0.206380 0.229456
6 0.640082 0.549190 0.154297 0.290509
7 0.272569 0.742188 0.283854 0.324074
7 0.465929 0.449653 0.244358 0.299190
7 0.737305 0.839844 0.211155 0.223669
5 0.817166 0.457321 0.142578 0.299479
11 0.144206 0.600260 0.063585 0.077257
11 0.515082 0.825666 0.054905 0.073206
6 0.746745 0.526186 0.102431 0.263600
0 0.282444 0.198640 0.241970 0.141493
0 0.313911 0.347367 0.211589 0.180845
10 0.139106 0.559172 0.276042 0.346354
7 0.515408 0.827402 0.220920 0.337095
