4 0.417101 0.724392 0.181858 0.293113
4 0.691406 0.824653 0.193142 0.210648
4 0.784939 0.528791 0.133247 0.261285
4 0.786133 0.379630 0.186415 0.202546
0 0.667860 0.614149 0.198134 0.216725
0 0.573242 0.398582 0.119575 0.234664
0 0.460178 0.345197 0.178168 0.165509
3 0.550022 0.810185 0.146484 0.283565
5 0.628255 0.219473 0.171441 0.239294
6 0.750868 0.138600 0.184896 0.205440
7 0.389865 0.145689 0.145182 0.229456
7 0.185221 0.359230 0.154731 0.241609
5 0.347548 0.462529 0.177300 0.266493
2 0.212131 0.587674 0.214627 0.235532
1 0.257378 0.812645 0.124132 0.268229
