7 0.261285 0.735569 0.224537 0.117839
2 0.434462 0.657552 0.234086 0.122396
1 0.436632 0.538845 0.23669 0.117622
7 0.198206 0.57704 0.229745 0.117622
5 0.253038 0.48036 0.23235 0.128255
5 0.210359 0.350803 0.226273 0.121745
6 0.255642 0.235786 0.221933 0.124349
3 0.453414 0.347548 0.231481 0.13737
4 0.641927 0.380425 0.257812 0.142795
4 0.69401 0.507704 0.264178 0.13954
0 0.796586 0.342556 0.25 0.107856
4 0.827257 0.227539 0.244792 0.136936
0 0.615162 0.246636 0.260417 0.149957
0 0.592303 0.133464 0.270833 0.141927
4 0.682147 0.780273 0.280382 0.183377
