0 0.466905 0.656973 0.115234 0.224826
7 0.604709 0.562645 0.106554 0.20978
7 0.726345 0.58912 0.114583 0.215856
4 0.340712 0.606192 0.135851 0.183449
6 0.186089 0.791233 0.136502 0.260706
7 0.880534 0.601562 0.121311 0.217014
4 0.356554 0.438368 0.109375 0.127315
5 0.102322 0.565972 0.127387 0.199074
5 0.127387 0.406829 0.11849 0.125
5 0.073351 0.776765 0.141059 0.235243
7 0.623372 0.35489 0.113932 0.159433
8 0.669922 0.816551 0.236111 0.247685
6 0.215061 0.582465 0.120226 0.175926
0 0.464952 0.485822 0.111762 0.128472
11 0.474067 0.35735 0.040582 0.055556
11 0.434462 0.363571 0.036458 0.047164
6 0.230035 0.428241 0.109809 0.151042
