1 0.467303 0.548069 0.244213 0.179036
0 0.125579 0.550673 0.250579 0.153863
7 0.676939 0.568468 0.2364 0.174262
7 0.332176 0.235569 0.217014 0.134766
7 0.554977 0.755968 0.273727 0.190755
7 0.295428 0.698134 0.258102 0.19184
3 0.429977 0.391602 0.250579 0.130425
0 0.142506 0.357964 0.11603 0.148655
9 0.794271 0.143772 0.269676 0.165148
8 0.84838 0.689128 0.303241 0.264974
10 0.719763 0.361762 0.228299 0.135851
11 0.708478 0.214193 0.05353 0.039062
11 0.237992 0.358615 0.077257 0.057509
11 0.396991 0.3801 0.060764 0.04362
0 0.226707 0.345595 0.190683 0.152127
0 0.070747 0.382595 0.136285 0.175347
2 0.371383 0.47526 0.159433 0.116753
