0 0.191081 0.344329 0.128255 0.258681
5 0.677192 0.330150 0.125651 0.242477
7 0.825195 0.316696 0.137804 0.257234
5 0.695855 0.527199 0.122613 0.116319
6 0.531901 0.338397 0.128472 0.267072
4 0.379774 0.199508 0.121094 0.271123
11 0.687826 0.389468 0.044054 0.065394
4 0.386610 0.491030 0.125217 0.077546
4 0.400608 0.552517 0.122396 0.048322
6 0.564996 0.524595 0.138238 0.119792
4 0.403537 0.612269 0.121311 0.073495
4 0.391927 0.421875 0.120226 0.059028
0 0.207791 0.604890 0.126953 0.079572
4 0.388346 0.369792 0.127821 0.061343
0 0.208116 0.525463 0.133247 0.092593
7 0.853624 0.508536 0.123047 0.152488
11 0.828451 0.281250 0.054905 0.067130
