4 0.645978 0.655056 0.266493 0.155599
4 0.812211 0.392361 0.241319 0.215712
4 0.465422 0.258464 0.216725 0.133247
4 0.349248 0.262478 0.173611 0.190755
0 0.544271 0.328342 0.210648 0.174479
0 0.333189 0.470161 0.171586 0.131727
0 0.272425 0.562609 0.107928 0.162543
7 0.286892 0.827908 0.188368 0.113715
7 0.137731 0.625 0.173611 0.116753
7 0.454572 0.596354 0.224537 0.138455
7 0.704861 0.226237 0.290509 0.191623
7 0.74537 0.091905 0.29919 0.159505
1 0.691551 0.816732 0.249421 0.145182
2 0.463976 0.854058 0.207465 0.194661
3 0.756366 0.529622 0.26331 0.136936
5 0.381655 0.943359 0.204282 0.112847
5 0.347222 0.705187 0.215278 0.134766
5 0.514323 0.470595 0.240451 0.132595
5 0.209491 0.410699 0.191551 0.154731
6 0.151186 0.29286 0.158854 0.17513
