4 0.765046 0.233507 0.271991 0.329861
4 0.711806 0.427517 0.267361 0.094618
4 0.776042 0.50434 0.282407 0.100694
4 0.780671 0.584635 0.273148 0.082465
4 0.810764 0.664062 0.270833 0.09375
4 0.789931 0.75 0.266204 0.083333
4 0.771412 0.832899 0.266204 0.072049
4 0.760995 0.925781 0.259259 0.101562
0 0.343171 0.221354 0.203704 0.288194
0 0.356481 0.394097 0.211806 0.09375
0 0.369213 0.47309 0.207176 0.076389
0 0.376157 0.545573 0.21875 0.065104
0 0.367477 0.623264 0.217593 0.079861
0 0.342593 0.704861 0.21875 0.078125
0 0.340856 0.78559 0.210648 0.071181
0 0.357639 0.856771 0.204861 0.072917
