4 0.789714 0.341001 0.171007 0.285012
4 0.517144 0.324942 0.149306 0.282407
4 0.375868 0.378762 0.157118 0.274306
4 0.202908 0.166956 0.162326 0.277199
0 0.340386 0.203848 0.126953 0.282118
0 0.224826 0.405527 0.176215 0.28559
0 0.096029 0.426505 0.162977 0.28588
3 0.339952 0.58044 0.149957 0.248264
1 0.542535 0.591435 0.123698 0.231481
5 0.479709 0.780382 0.130859 0.219907
5 0.344293 0.824219 0.132161 0.230613
6 0.217665 0.785735 0.140625 0.230613
7 0.573785 0.825087 0.113715 0.221933
7 0.733832 0.760995 0.105252 0.216435
2 0.663194 0.594039 0.112413 0.231481
