0 0.278935 0.24566 0.237269 0.260417
0 0.300347 0.394097 0.238426 0.107639
0 0.320023 0.480903 0.238426 0.092014
0 0.328704 0.552083 0.234954 0.079861
0 0.328704 0.636719 0.251157 0.09809
0 0.309606 0.724826 0.263889 0.086806
0 0.311921 0.807292 0.252315 0.088542
0 0.324074 0.888021 0.260417 0.072917
4 0.681134 0.252604 0.243056 0.255208
4 0.657407 0.41059 0.237269 0.086806
4 0.722222 0.477865 0.244213 0.08941
4 0.736111 0.539062 0.241898 0.095486
4 0.772569 0.612413 0.25 0.108507
4 0.76794 0.700521 0.256944 0.097222
4 0.770833 0.786458 0.246528 0.092014
4 0.775463 0.878472 0.251157 0.09375
