0 0.409614 0.505932 0.181641 0.232350
0 0.301324 0.442419 0.088325 0.228588
5 0.512261 0.699219 0.147352 0.264178
7 0.399957 0.826823 0.190538 0.249132
2 0.530816 0.416522 0.110243 0.237558
4 0.752062 0.554688 0.132161 0.153935
6 0.718316 0.843027 0.140625 0.184896
11 0.592122 0.842882 0.041016 0.059028
3 0.657227 0.373264 0.160373 0.218750
11 0.842339 0.733941 0.041884 0.053530
7 0.624240 0.622396 0.094835 0.199074
11 0.378364 0.430122 0.055773 0.065104
0 0.217773 0.480035 0.130859 0.232639
0 0.385417 0.407697 0.131076 0.149306
3 0.598416 0.367477 0.092231 0.197338
11 0.661675 0.341146 0.031684 0.041088
11 0.811415 0.347656 0.031684 0.044271
11 0.645833 0.658131 0.034288 0.046007
11 0.392253 0.769387 0.039714 0.053241
7 0.817166 0.355903 0.124783 0.188079
7 0.851128 0.716869 0.110243 0.221933
6 0.696940 0.728588 0.125651 0.121528
4 0.737739 0.442853 0.124783 0.100405
