0 0.10952 0.709201 0.211516 0.248698
7 0.199219 0.347331 0.229456 0.20638
6 0.54919 0.359918 0.290509 0.154297
7 0.742188 0.727431 0.324074 0.283854
7 0.449653 0.534071 0.29919 0.244358
7 0.839844 0.262695 0.223669 0.211155
5 0.457321 0.182834 0.299479 0.142578
11 0.60026 0.855794 0.077257 0.063585
11 0.825666 0.484918 0.073206 0.054905
6 0.526186 0.253255 0.2636 0.102431
0 0.19864 0.717556 0.141493 0.24197
0 0.347367 0.686089 0.180845 0.211589
10 0.559172 0.860894 0.346354 0.276042
7 0.827402 0.484592 0.337095 0.22092
