10 0.801649 0.652199 0.108507 0.215278
11 0.388889 0.512731 0.036458 0.054398
11 0.361545 0.447917 0.03559 0.054398
4 0.661024 0.696759 0.108507 0.09375
4 0.64974 0.619213 0.106771 0.070602
4 0.648872 0.548611 0.110243 0.08912
4 0.638455 0.472801 0.111979 0.064815
4 0.625434 0.414352 0.111979 0.065972
4 0.628472 0.351273 0.105903 0.071759
4 0.630208 0.280093 0.109375 0.082176
4 0.589844 0.13831 0.148438 0.261574
0 0.507378 0.706019 0.101562 0.072917
0 0.497396 0.644097 0.102431 0.06713
0 0.489149 0.573495 0.103299 0.085648
0 0.488281 0.501736 0.111979 0.090278
0 0.470486 0.438079 0.109375 0.087963
0 0.453559 0.365741 0.111979 0.079861
0 0.438802 0.296296 0.103299 0.079861
0 0.408854 0.13831 0.147569 0.238426
