7 0.516385 0.344618 0.151259 0.252315
7 0.594293 0.759404 0.176866 0.238137
7 0.361654 0.806713 0.145182 0.226273
7 0.644314 0.300058 0.161458 0.248264
7 0.633464 0.551939 0.152778 0.257234
7 0.247287 0.302373 0.128689 0.208912
7 0.192925 0.733652 0.12717 0.213831
5 0.427517 0.591435 0.153212 0.203704
0 0.341037 0.428964 0.127821 0.215567
7 0.134223 0.482784 0.127387 0.194155
9 0.422743 0.151186 0.204427 0.274016
10 0.776693 0.712384 0.19401 0.277199
2 0.228082 0.551215 0.115017 0.214699
11 0.244683 0.903212 0.042752 0.045428
