7 0.224537 0.719727 0.241319 0.127821
7 0.156684 0.535265 0.24566 0.162977
2 0.391638 0.737305 0.234664 0.131727
1 0.606047 0.65842 0.276331 0.165365
3 0.602141 0.516602 0.256366 0.134766
5 0.351707 0.448459 0.252604 0.162977
5 0.218027 0.333225 0.212674 0.118273
6 0.233362 0.208984 0.211516 0.106337
0 0.44401 0.282335 0.223669 0.179688
0 0.601562 0.2602 0.16956 0.181858
0 0.631076 0.391168 0.260417 0.153429
4 0.851128 0.240885 0.261285 0.132378
4 0.821759 0.501302 0.278356 0.154948
4 0.844184 0.64974 0.229456 0.217014
4 0.625145 0.885525 0.276331 0.225911
