9 0.506655 0.83572 0.212963 0.198351
7 0.731916 0.626519 0.2364 0.111545
1 0.446181 0.427083 0.222222 0.104601
4 0.641059 0.118164 0.217882 0.101345
9 0.707321 0.839084 0.213252 0.209418
4 0.403791 0.128581 0.077257 0.098307
4 0.488571 0.121853 0.083623 0.103082
5 0.816406 0.5051 0.226562 0.100911
6 0.642216 0.396267 0.144387 0.118056
0 0.557726 0.251628 0.204572 0.113932
7 0.57827 0.63227 0.091725 0.106988
6 0.819589 0.398655 0.218461 0.115017
7 0.480613 0.635851 0.088542 0.102431
5 0.639612 0.501845 0.143229 0.098307
11 0.862558 0.799045 0.053241 0.044705
0 0.416233 0.271267 0.092882 0.102865
11 0.860677 0.862413 0.058738 0.050347
