0 0.679688 0.412869 0.21412 0.138238
5 0.80599 0.871636 0.24566 0.139106
7 0.670573 0.124457 0.171586 0.090929
6 0.83478 0.716037 0.222801 0.196398
7 0.531973 0.279514 0.188947 0.101128
4 0.58724 0.604384 0.197049 0.094618
7 0.489583 0.356771 0.147569 0.094184
6 0.556279 0.728733 0.197049 0.139757
8 0.842303 0.303711 0.189236 0.203776
5 0.622685 0.894206 0.17419 0.124783
11 0.453993 0.47678 0.049769 0.03342
11 0.457755 0.513238 0.046875 0.037326
7 0.587095 0.208008 0.19213 0.085286
0 0.612269 0.450304 0.186921 0.079861
4 0.658275 0.537109 0.208912 0.09375
6 0.686198 0.72309 0.186053 0.132378
5 0.534288 0.845161 0.183738 0.106988
