7 0.253906 0.481192 0.116319 0.310764
7 0.144423 0.654514 0.095703 0.25463
5 0.626736 0.722946 0.184028 0.186632
11 0.526367 0.415075 0.061849 0.082465
7 0.174045 0.14974 0.122396 0.299479
6 0.393012 0.578125 0.170573 0.333912
7 0.14974 0.415509 0.106337 0.304977
11 0.515082 0.736979 0.055339 0.08044
7 0.298937 0.212818 0.132595 0.356771
5 0.593424 0.457176 0.175998 0.374421
11 0.111545 0.401331 0.045573 0.070602
11 0.278103 0.206887 0.054036 0.078125
11 0.392036 0.546296 0.057509 0.070602
7 0.253255 0.728443 0.093316 0.249132
5 0.56901 0.864583 0.158854 0.22338
6 0.41276 0.771991 0.136285 0.193287
11 0.263021 0.721065 0.046875 0.065972
