6 0.634838 0.361979 0.231481 0.124566
7 0.191262 0.569553 0.230324 0.118707
4 0.680556 0.67589 0.234954 0.124783
9 0.514323 0.138455 0.22309 0.24783
7 0.204427 0.802951 0.222512 0.125434
4 0.512442 0.663411 0.086227 0.117622
0 0.486111 0.800022 0.092014 0.115668
0 0.655816 0.80306 0.249711 0.121745
7 0.170428 0.456814 0.218171 0.113281
7 0.178241 0.683268 0.219329 0.116102
5 0.687645 0.52105 0.241609 0.136285
0 0.412616 0.801758 0.056134 0.117405
7 0.18316 0.343099 0.222801 0.115017
4 0.414062 0.675456 0.103009 0.117839
11 0.421296 0.319336 0.056713 0.047092
11 0.457465 0.3699 0.049769 0.041016
8 0.25 0.141819 0.196759 0.234158
