7 0.743924 0.135851 0.355903 0.220486
5 0.469907 0.650065 0.304977 0.156467
7 0.394821 0.288194 0.258391 0.162326
5 0.278791 0.672201 0.135706 0.151259
7 0.441985 0.141602 0.270544 0.159939
7 0.232928 0.150391 0.211227 0.145399
6 0.352286 0.457574 0.246817 0.171224
11 0.650463 0.316298 0.078125 0.066623
11 0.440683 0.082899 0.067708 0.06684
7 0.660156 0.335286 0.389757 0.197917
7 0.186343 0.29503 0.170718 0.149523
11 0.247396 0.587023 0.074653 0.049045
11 0.490307 0.599935 0.075521 0.064887
6 0.193287 0.479167 0.09838 0.133681
5 0.176505 0.623698 0.122685 0.122396
11 0.195602 0.326389 0.063657 0.048611
11 0.36169 0.465278 0.069444 0.053819
