0 0.743598 0.188947 0.166884 0.286458
4 0.694878 0.815972 0.12066 0.211806
7 0.669379 0.493056 0.129123 0.247106
7 0.562283 0.213252 0.148872 0.270255
7 0.370551 0.812355 0.161241 0.207465
6 0.243273 0.624421 0.097656 0.236111
6 0.239258 0.387442 0.107856 0.244792
7 0.387695 0.530093 0.186415 0.269676
7 0.383898 0.237413 0.161458 0.253183
7 0.504449 0.650463 0.1352 0.240741
11 0.816732 0.468895 0.054036 0.063947
11 0.582682 0.840567 0.041233 0.061343
11 0.530707 0.453704 0.039714 0.05787
11 0.771484 0.662616 0.041667 0.056134
11 0.330295 0.40191 0.03776 0.056134
