10 0.652199 0.198351 0.215278 0.108507
11 0.512731 0.611111 0.054398 0.036458
11 0.447917 0.638455 0.054398 0.03559
4 0.696759 0.338976 0.09375 0.108507
4 0.619213 0.35026 0.070602 0.106771
4 0.548611 0.351128 0.08912 0.110243
4 0.472801 0.361545 0.064815 0.111979
4 0.414352 0.374566 0.065972 0.111979
4 0.351273 0.371528 0.071759 0.105903
4 0.280093 0.369792 0.082176 0.109375
4 0.13831 0.410156 0.261574 0.148438
0 0.706019 0.492622 0.072917 0.101562
0 0.644097 0.502604 0.06713 0.102431
0 0.573495 0.510851 0.085648 0.103299
0 0.501736 0.511719 0.090278 0.111979
0 0.438079 0.529514 0.087963 0.109375
0 0.365741 0.546441 0.079861 0.111979
0 0.296296 0.561198 0.079861 0.103299
0 0.13831 0.591146 0.238426 0.147569
