6 0.332682 0.490451 0.185330 0.263889
7 0.713976 0.569300 0.123264 0.237558
7 0.321398 0.183160 0.226562 0.333912
6 0.469727 0.648148 0.187283 0.207176
4 0.669813 0.794850 0.127821 0.251157
8 0.541775 0.168692 0.237196 0.279514
4 0.499674 0.828704 0.122613 0.246528
7 0.759874 0.349971 0.123047 0.250289
11 0.631510 0.470197 0.041667 0.061343
11 0.517036 0.167824 0.040582 0.074074
11 0.646050 0.705006 0.032552 0.054688
4 0.620009 0.762297 0.088976 0.225405
4 0.572700 0.775174 0.069010 0.244792
5 0.471571 0.489439 0.151910 0.196470
5 0.244792 0.565394 0.256510 0.304977
