0 0.479492 0.389757 0.166016 0.24537
1 0.447266 0.723814 0.146267 0.24103
0 0.56977 0.174913 0.123481 0.239873
4 0.195747 0.455729 0.094184 0.20544
6 0.276801 0.263021 0.113932 0.222801
6 0.403429 0.184462 0.136285 0.221354
1 0.281901 0.665799 0.098958 0.243634
2 0.632378 0.716001 0.153646 0.277488
5 0.150174 0.754774 0.09158 0.249132
8 0.78049 0.391927 0.280165 0.325521
7 0.36263 0.47772 0.124566 0.243056
11 0.585503 0.490885 0.043403 0.052951
11 0.367513 0.726418 0.037977 0.05353
11 0.596463 0.292245 0.036241 0.051505
