1 0.602431 0.605179 0.155816 0.175058
0 0.606011 0.850405 0.126953 0.150463
7 0.305122 0.726707 0.140191 0.167535
9 0.121636 0.290943 0.231554 0.287905
11 0.233615 0.395399 0.041884 0.054109
7 0.623589 0.435185 0.186415 0.21412
0 0.420573 0.79239 0.139757 0.13397
7 0.778429 0.535012 0.152344 0.210648
3 0.456489 0.635851 0.121311 0.190104
7 0.721029 0.720631 0.156033 0.166956
8 0.736762 0.266493 0.252604 0.334491
10 0.403971 0.381221 0.162977 0.225405
0 0.473524 0.891782 0.140625 0.107639
2 0.541884 0.686632 0.099392 0.115741
0 0.438043 0.853877 0.133898 0.067708
11 0.446181 0.790509 0.030816 0.042245
11 0.453234 0.675926 0.035807 0.039352
