0 0.778212 0.259693 0.197917 0.205729
0 0.707031 0.41739 0.176649 0.15191
7 0.498155 0.479167 0.1773 0.177662
4 0.839518 0.680266 0.127821 0.170139
5 0.375543 0.677228 0.175564 0.135706
9 0.297418 0.433449 0.247613 0.310764
7 0.893555 0.452691 0.178168 0.235243
9 0.468207 0.246094 0.256727 0.378183
11 0.538194 0.222512 0.048611 0.060764
8 0.674696 0.855469 0.204427 0.157118
6 0.465929 0.76114 0.109375 0.139757
7 0.658746 0.707465 0.150825 0.160301
7 0.555339 0.629774 0.142795 0.182581
11 0.534614 0.611545 0.044922 0.055266
0 0.785699 0.382523 0.14388 0.111111
11 0.684896 0.515336 0.034288 0.048611
0 0.678494 0.50434 0.171658 0.159144
4 0.771484 0.691985 0.085069 0.16522
11 0.495009 0.469618 0.034288 0.053241
6 0.399957 0.758391 0.131944 0.097801
11 0.877604 0.69864 0.041233 0.045428
