5 0.894748 0.208478 0.117622 0.223669
0 0.440864 0.331163 0.142578 0.218461
4 0.637261 0.416522 0.096137 0.186632
7 0.221029 0.438513 0.104818 0.174479
5 0.860026 0.450087 0.098090 0.182002
6 0.751845 0.177083 0.185113 0.230903
7 0.117622 0.352431 0.108507 0.196759
6 0.756185 0.440104 0.135634 0.177083
7 0.385959 0.527199 0.095269 0.145833
8 0.327257 0.169705 0.233073 0.231771
11 0.510742 0.550781 0.034505 0.051215
11 0.548937 0.545573 0.034071 0.047743
7 0.302300 0.484954 0.098090 0.204861
5 0.902886 0.373264 0.127821 0.153935
6 0.758789 0.321036 0.127821 0.171586
4 0.574978 0.355179 0.113932 0.214988
0 0.480903 0.406250 0.092882 0.170718
