7 0.219907 0.68316 0.228588 0.194878
4 0.799479 0.316081 0.211227 0.177734
6 0.602865 0.553819 0.168113 0.191406
7 0.329572 0.209635 0.251736 0.181424
6 0.469184 0.676541 0.243924 0.142578
7 0.556858 0.265516 0.258391 0.163411
8 0.177662 0.477865 0.26331 0.252604
4 0.735822 0.447591 0.224537 0.093099
5 0.466291 0.553602 0.167535 0.15625
11 0.448929 0.383681 0.055266 0.043837
11 0.18316 0.510959 0.059028 0.031901
5 0.521991 0.74349 0.248843 0.197483
4 0.785012 0.516385 0.231481 0.140408
4 0.735388 0.381185 0.208623 0.117839
11 0.681713 0.358615 0.05787 0.034071
