0 0.389757 0.520508 0.24537 0.166016
1 0.723814 0.552734 0.24103 0.146267
0 0.174913 0.43023 0.239873 0.123481
4 0.455729 0.804253 0.20544 0.094184
6 0.263021 0.723199 0.222801 0.113932
6 0.184462 0.596571 0.221354 0.136285
1 0.665799 0.718099 0.243634 0.098958
2 0.716001 0.367622 0.277488 0.153646
5 0.754774 0.849826 0.249132 0.09158
8 0.391927 0.21951 0.325521 0.280165
7 0.47772 0.63737 0.243056 0.124566
11 0.490885 0.414497 0.052951 0.043403
11 0.726418 0.632487 0.05353 0.037977
11 0.292245 0.403537 0.051505 0.036241
