11 0.490885 0.858796 0.051215 0.075231
11 0.639757 0.888889 0.046875 0.079861
3 0.764757 0.667245 0.135417 0.291667
3 0.763889 0.490741 0.119792 0.184028
2 0.610677 0.669560 0.150174 0.293981
2 0.625434 0.490162 0.136285 0.168981
1 0.484375 0.479745 0.130208 0.164352
1 0.462674 0.655093 0.135417 0.281250
6 0.287326 0.435185 0.131944 0.112269
6 0.300781 0.549769 0.146701 0.146991
6 0.322049 0.776042 0.166667 0.331019
5 0.137153 0.459491 0.144097 0.146991
5 0.133247 0.612269 0.151910 0.184028
5 0.122396 0.810185 0.189236 0.341435
10 0.838108 0.304977 0.118924 0.217593
