7 0.271701 0.142687 0.265625 0.143012
5 0.504774 0.635308 0.311053 0.169054
7 0.771412 0.226997 0.251736 0.127604
5 0.276476 0.665582 0.185475 0.181424
7 0.458478 0.295247 0.270544 0.136502
7 0.209201 0.269531 0.25 0.124566
7 0.705006 0.36339 0.293113 0.129557
7 0.520833 0.174371 0.292824 0.147352
6 0.246094 0.457031 0.283275 0.160156
11 0.253183 0.566732 0.078125 0.058811
11 0.550926 0.576063 0.068287 0.055773
11 0.536169 0.133898 0.0625 0.049479
11 0.420862 0.446181 0.067419 0.05599
11 0.720197 0.344944 0.064236 0.050998
6 0.382234 0.43967 0.321759 0.172743
11 0.226128 0.289062 0.078993 0.050347
5 0.135417 0.618273 0.216435 0.15625
