4 0.550926 0.300998 0.225116 0.222656
4 0.490162 0.468859 0.254051 0.148655
6 0.816551 0.433377 0.197338 0.152344
8 0.253617 0.296549 0.350405 0.321832
7 0.865596 0.622179 0.184317 0.139323
5 0.37037 0.587674 0.268519 0.129774
0 0.666233 0.771918 0.172743 0.111979
7 0.440104 0.783529 0.236111 0.134332
11 0.512442 0.626845 0.061343 0.043186
11 0.455295 0.761502 0.042535 0.029514
11 0.665509 0.36697 0.053819 0.046441
11 0.700666 0.656467 0.051794 0.036458
0 0.688223 0.675781 0.19647 0.143229
0 0.755353 0.728516 0.088831 0.067274
4 0.672743 0.35536 0.194444 0.120877
4 0.636574 0.479709 0.134259 0.126519
5 0.796296 0.545573 0.162037 0.131076
5 0.309462 0.661024 0.249132 0.158854
2 0.530671 0.626194 0.190972 0.163411
