9 0.790582 0.587384 0.240017 0.209491
4 0.600369 0.11386 0.138238 0.202257
4 0.806424 0.134693 0.152344 0.210359
7 0.639648 0.331597 0.116102 0.220486
7 0.529839 0.56684 0.126085 0.219329
7 0.522895 0.35026 0.096571 0.203414
5 0.414388 0.341001 0.092665 0.217882
5 0.429905 0.108796 0.08724 0.217593
1 0.383138 0.528935 0.109158 0.200231
0 0.283312 0.523148 0.089627 0.16956
6 0.32194 0.295573 0.10178 0.19184
9 0.840712 0.359086 0.227865 0.241319
6 0.340603 0.10706 0.100477 0.199074
4 0.21224 0.188947 0.096354 0.196181
0 0.194553 0.409288 0.110026 0.199942
11 0.188368 0.571181 0.030382 0.048032
11 0.103841 0.531973 0.031467 0.048322
