2 0.808485 0.422888 0.258898 0.266493
1 0.764323 0.155961 0.14974 0.303241
3 0.435438 0.154369 0.153429 0.302373
4 0.577582 0.251736 0.196832 0.319444
4 0.296984 0.140336 0.187717 0.216435
4 0.205621 0.438802 0.126519 0.266493
4 0.203016 0.581453 0.17079 0.210359
0 0.317817 0.360388 0.193793 0.239294
0 0.406901 0.592448 0.121962 0.248553
0 0.520399 0.659288 0.176649 0.156539
5 0.350369 0.76548 0.161675 0.243345
5 0.647569 0.546007 0.190104 0.295139
6 0.231879 0.82827 0.171224 0.189525
7 0.593207 0.883825 0.150391 0.230613
7 0.830838 0.674769 0.178168 0.271412
