7 0.775463 0.280273 0.241319 0.127821
7 0.843316 0.464735 0.24566 0.162977
2 0.608362 0.262695 0.234664 0.131727
1 0.393953 0.34158 0.276331 0.165365
3 0.397859 0.483398 0.256366 0.134766
5 0.648293 0.551541 0.252604 0.162977
5 0.781973 0.666775 0.212674 0.118273
6 0.766638 0.791016 0.211516 0.106337
0 0.55599 0.717665 0.223669 0.179688
0 0.398438 0.7398 0.16956 0.181858
0 0.368924 0.608832 0.260417 0.153429
4 0.148872 0.759115 0.261285 0.132378
4 0.178241 0.498698 0.278356 0.154948
4 0.155816 0.35026 0.229456 0.217014
4 0.374855 0.114475 0.276331 0.225911
