7 0.586589 0.32827 0.119358 0.217882
7 0.34809 0.362413 0.112413 0.217303
7 0.830512 0.288484 0.145399 0.230324
4 0.816515 0.571325 0.119141 0.256655
7 0.218424 0.38151 0.126953 0.202257
4 0.416558 0.596788 0.122179 0.245081
0 0.720486 0.581308 0.092448 0.233218
7 0.467773 0.344907 0.106554 0.217014
7 0.71365 0.340712 0.141276 0.239294
0 0.574761 0.573929 0.094401 0.236979
11 0.417969 0.416233 0.041667 0.055266
11 0.348741 0.5136 0.039931 0.052662
4 0.502387 0.581163 0.081597 0.249132
11 0.418511 0.493634 0.041016 0.046875
11 0.564236 0.333333 0.036458 0.054398
0 0.65842 0.578704 0.106771 0.255787
11 0.65842 0.321181 0.039062 0.055556
