4 0.344835 0.630932 0.12717 0.218461
0 0.222005 0.543981 0.11849 0.243634
2 0.559136 0.458333 0.106554 0.219907
6 0.88878 0.567564 0.102214 0.203414
1 0.454319 0.458767 0.11046 0.219618
7 0.129449 0.758536 0.136502 0.253762
0 0.226237 0.389612 0.111328 0.086516
7 0.103516 0.477286 0.123698 0.239294
4 0.340061 0.479745 0.102865 0.081597
3 0.659397 0.480469 0.099609 0.216146
5 0.795573 0.581308 0.09592 0.221644
4 0.342231 0.405527 0.103299 0.075521
5 0.794488 0.420428 0.096354 0.119213
6 0.893012 0.425492 0.090712 0.08015
11 0.453559 0.600694 0.036458 0.048032
