9 0.194553 0.209491 0.388672 0.418403
0 0.565755 0.778067 0.128906 0.142361
10 0.560547 0.279948 0.157986 0.268229
0 0.713542 0.751881 0.087674 0.182581
8 0.803385 0.148727 0.151910 0.296875
11 0.385525 0.332176 0.045356 0.079861
1 0.715929 0.501447 0.115017 0.177662
3 0.600260 0.572483 0.123698 0.223669
7 0.733615 0.313947 0.118707 0.203125
7 0.450629 0.757234 0.177300 0.257523
7 0.829319 0.393953 0.084852 0.209201
3 0.793837 0.580295 0.097222 0.172743
0 0.589627 0.890625 0.110677 0.113426
0 0.579753 0.858941 0.116536 0.078414
11 0.595920 0.760127 0.033420 0.049190
11 0.605252 0.616030 0.033420 0.045718
2 0.674045 0.592159 0.075955 0.149595
