4 0.707248 0.569155 0.321181 0.260417
4 0.514323 0.599392 0.059896 0.223669
4 0.445095 0.621817 0.081597 0.238426
4 0.374023 0.606192 0.069227 0.228009
4 0.324653 0.612558 0.079861 0.224537
4 0.251953 0.616030 0.080729 0.210648
4 0.167535 0.637153 0.079861 0.212963
4 0.096137 0.642072 0.062500 0.221065
0 0.733507 0.274884 0.296875 0.226852
0 0.546441 0.282407 0.101562 0.188657
0 0.467448 0.285301 0.073785 0.180556
0 0.402344 0.326968 0.065104 0.199074
0 0.330295 0.340278 0.077257 0.197917
0 0.260417 0.344329 0.067708 0.194444
0 0.192274 0.357060 0.070312 0.199074
0 0.125000 0.362847 0.062500 0.203704
