1 0.745949 0.62283 0.162616 0.167101
4 0.906539 0.398872 0.176505 0.184462
0 0.224103 0.503798 0.130498 0.156467
7 0.528935 0.109375 0.140625 0.1875
4 0.746094 0.386502 0.164062 0.179688
0 0.343316 0.541558 0.139178 0.157335
6 0.382234 0.71148 0.122106 0.141276
2 0.525608 0.371636 0.157118 0.174262
7 0.680411 0.104601 0.157697 0.179253
0 0.111979 0.484484 0.119213 0.152561
3 0.389178 0.351562 0.147569 0.172309
5 0.522569 0.5625 0.139468 0.166667
5 0.503472 0.720378 0.137731 0.147352
11 0.236545 0.351237 0.049479 0.04579
11 0.246383 0.239583 0.049479 0.041233
