0 0.766385 0.842159 0.128255 0.25434
0 0.693685 0.81467 0.106554 0.234086
0 0.585286 0.818142 0.115885 0.221933
3 0.623372 0.494936 0.113064 0.20515
2 0.510959 0.501013 0.100043 0.203414
1 0.405382 0.538339 0.096788 0.197049
5 0.594835 0.240596 0.115017 0.192998
5 0.563585 0.121094 0.097222 0.109664
6 0.683268 0.12934 0.119575 0.1875
7 0.299262 0.320023 0.126302 0.188657
7 0.214084 0.408999 0.124349 0.192998
4 0.371528 0.807581 0.102431 0.219907
4 0.301758 0.782986 0.070964 0.212963
4 0.250543 0.751013 0.077474 0.210359
4 0.21365 0.730324 0.061849 0.195602
