4 0.787218 0.451823 0.173394 0.186632
0 0.30447 0.785301 0.144531 0.240162
4 0.641385 0.443576 0.145182 0.204282
0 0.43316 0.747251 0.18099 0.217882
6 0.689779 0.744068 0.160373 0.190683
5 0.521593 0.37037 0.128255 0.259259
4 0.644314 0.592737 0.131076 0.144387
2 0.479167 0.548177 0.177083 0.19647
8 0.766168 0.203993 0.248047 0.322338
9 0.284397 0.526476 0.196832 0.253183
4 0.753581 0.588108 0.099175 0.14728
7 0.496962 0.915943 0.167535 0.162905
5 0.43099 0.334491 0.186198 0.279514
0 0.372721 0.849537 0.087023 0.109375
5 0.583659 0.796296 0.125651 0.172454
11 0.748155 0.577546 0.039714 0.052662
11 0.488498 0.536603 0.042535 0.055845
11 0.325955 0.530237 0.044271 0.055845
11 0.462565 0.750289 0.041884 0.051505
