0 0.494068 0.409614 0.23235 0.181641
0 0.557581 0.301324 0.228588 0.088325
5 0.300781 0.512261 0.264178 0.147352
7 0.173177 0.399957 0.249132 0.190538
2 0.583478 0.530816 0.237558 0.110243
4 0.445312 0.752062 0.153935 0.132161
6 0.156973 0.718316 0.184896 0.140625
11 0.157118 0.592122 0.059028 0.041016
3 0.626736 0.657227 0.21875 0.160373
11 0.266059 0.842339 0.05353 0.041884
7 0.377604 0.62424 0.199074 0.094835
11 0.569878 0.378364 0.065104 0.055773
0 0.519965 0.217773 0.232639 0.130859
0 0.592303 0.385417 0.149306 0.131076
3 0.632523 0.598416 0.197338 0.092231
11 0.658854 0.661675 0.041088 0.031684
11 0.652344 0.811415 0.044271 0.031684
11 0.341869 0.645833 0.046007 0.034288
11 0.230613 0.392253 0.053241 0.039714
7 0.644097 0.817166 0.188079 0.124783
7 0.283131 0.851128 0.221933 0.110243
6 0.271412 0.69694 0.121528 0.125651
4 0.557147 0.737739 0.100405 0.124783
