4 0.637370 0.838397 0.151042 0.272859
6 0.585938 0.382234 0.128038 0.252315
2 0.293186 0.215133 0.111111 0.216725
0 0.824653 0.798756 0.193576 0.313368
7 0.736328 0.456742 0.138455 0.254919
7 0.732747 0.158131 0.135200 0.248553
4 0.227431 0.830006 0.115451 0.258970
5 0.455404 0.379485 0.119575 0.261863
10 0.313911 0.519531 0.121311 0.231192
5 0.170898 0.367188 0.107856 0.245370
5 0.464301 0.659144 0.123047 0.282986
11 0.588325 0.130787 0.044271 0.063079
11 0.345161 0.753906 0.042318 0.067419
3 0.433051 0.123987 0.162977 0.247396
