7 0.256076 0.864149 0.355903 0.220486
5 0.530093 0.349935 0.304977 0.156467
7 0.605179 0.711806 0.258391 0.162326
5 0.721209 0.327799 0.135706 0.151259
7 0.558015 0.858398 0.270544 0.159939
7 0.767072 0.849609 0.211227 0.145399
6 0.647714 0.542426 0.246817 0.171224
11 0.349537 0.683702 0.078125 0.066623
11 0.559317 0.917101 0.067708 0.06684
7 0.339844 0.664714 0.389757 0.197917
7 0.813657 0.70497 0.170718 0.149523
11 0.752604 0.412977 0.074653 0.049045
11 0.509693 0.400065 0.075521 0.064887
6 0.806713 0.520833 0.09838 0.133681
5 0.823495 0.376302 0.122685 0.122396
11 0.804398 0.673611 0.063657 0.048611
11 0.63831 0.534722 0.069444 0.053819
