0 0.443432 0.785156 0.222512 0.146267
7 0.324508 0.325521 0.155382 0.109375
4 0.163628 0.217339 0.173322 0.123481
9 0.51794 0.209744 0.186343 0.146918
1 0.532552 0.547635 0.184896 0.102214
9 0.333478 0.189887 0.182581 0.143663
0 0.544416 0.657661 0.195891 0.120877
7 0.343316 0.425456 0.166377 0.101345
4 0.13614 0.371962 0.195312 0.118056
4 0.2011 0.766168 0.219907 0.119575
5 0.125868 0.526042 0.206019 0.090278
5 0.342303 0.527452 0.204861 0.092231
7 0.542245 0.397786 0.189236 0.094618
6 0.121383 0.618164 0.191262 0.100477
11 0.621528 0.780382 0.049769 0.042101
6 0.304688 0.630642 0.176505 0.106771
11 0.599392 0.907118 0.05353 0.048611
