7 0.75803 0.315538 0.173177 0.227141
0 0.30013 0.206163 0.213976 0.279803
9 0.732313 0.750579 0.217665 0.251736
7 0.501628 0.709491 0.167318 0.179977
7 0.614909 0.493779 0.159071 0.217303
7 0.46951 0.285735 0.200304 0.22772
3 0.432943 0.857639 0.15842 0.206019
1 0.263455 0.900029 0.175347 0.193576
11 0.531793 0.606626 0.039714 0.050058
10 0.234918 0.605179 0.204644 0.238715
11 0.747287 0.572917 0.035807 0.048611
0 0.156033 0.27691 0.196181 0.25
0 0.202148 0.123987 0.136502 0.179688
7 0.639974 0.218605 0.181424 0.246817
2 0.32997 0.805556 0.10395 0.147569
