0 0.369358 0.432147 0.073351 0.264757
7 0.381076 0.705584 0.131944 0.241609
7 0.115017 0.730324 0.134983 0.277199
4 0.530707 0.426939 0.116102 0.249132
7 0.640082 0.706597 0.117405 0.25
7 0.509549 0.709346 0.114583 0.252604
7 0.25076 0.717448 0.13737 0.264178
4 0.438585 0.428096 0.080295 0.2364
0 0.302192 0.420718 0.090061 0.238426
7 0.76378 0.677517 0.113064 0.232928
4 0.157118 0.431279 0.078993 0.243924
0 0.228841 0.419416 0.08138 0.260706
11 0.750868 0.747685 0.045139 0.054398
11 0.503472 0.738426 0.039931 0.059028
11 0.08724 0.75463 0.051215 0.065972
11 0.534722 0.489005 0.046875 0.055556
11 0.227865 0.434606 0.044271 0.064815
