4 0.766493 0.765046 0.329861 0.271991
4 0.572483 0.711806 0.094618 0.267361
4 0.49566 0.776042 0.100694 0.282407
4 0.415365 0.780671 0.082465 0.273148
4 0.335938 0.810764 0.09375 0.270833
4 0.25 0.789931 0.083333 0.266204
4 0.167101 0.771412 0.072049 0.266204
4 0.074219 0.760995 0.101562 0.259259
0 0.778646 0.343171 0.288194 0.203704
0 0.605903 0.356481 0.09375 0.211806
0 0.52691 0.369213 0.076389 0.207176
0 0.454427 0.376157 0.065104 0.21875
0 0.376736 0.367477 0.079861 0.217593
0 0.295139 0.342593 0.078125 0.21875
0 0.21441 0.340856 0.071181 0.210648
0 0.143229 0.357639 0.072917 0.204861
