0 0.341001 0.736111 0.223669 0.12717
5 0.593316 0.265734 0.221354 0.114366
7 0.319155 0.480143 0.207176 0.10612
0 0.525897 0.817708 0.2364 0.142361
2 0.547454 0.529188 0.202546 0.115234
1 0.555266 0.631402 0.226273 0.120009
2 0.77474 0.570421 0.217303 0.118707
1 0.801794 0.690104 0.240162 0.127604
2 0.55599 0.400065 0.218461 0.123047
9 0.861111 0.222222 0.219329 0.215712
3 0.789931 0.444336 0.230324 0.109158
0 0.701534 0.866102 0.215567 0.178819
6 0.597801 0.148655 0.23206 0.130642
0 0.320602 0.614258 0.211806 0.131727
11 0.379919 0.399631 0.050347 0.038411
11 0.398438 0.329861 0.048611 0.038194
