9 0.410012 0.788628 0.221065 0.255208
5 0.795718 0.467339 0.259259 0.120443
1 0.452402 0.370009 0.206308 0.115017
0 0.594907 0.226671 0.181713 0.103516
7 0.694878 0.587348 0.241609 0.120009
6 0.640046 0.35536 0.151042 0.118707
7 0.432292 0.570747 0.096065 0.112413
4 0.478588 0.119141 0.07581 0.077257
6 0.822049 0.36556 0.248264 0.120443
5 0.618345 0.456272 0.146412 0.11046
4 0.689815 0.114041 0.208912 0.093533
9 0.612269 0.820964 0.225116 0.263889
4 0.559028 0.117188 0.083333 0.076389
11 0.796007 0.790907 0.063657 0.04796
7 0.527633 0.575629 0.121817 0.105686
0 0.458044 0.236003 0.087384 0.090495
11 0.777778 0.862847 0.056134 0.067708
