4 0.591905 0.415799 0.171658 0.185764
0 0.27832 0.510561 0.138672 0.238137
5 0.356771 0.677662 0.136719 0.269097
0 0.163845 0.532118 0.094618 0.180556
2 0.379449 0.403067 0.096571 0.21412
6 0.576172 0.836082 0.217014 0.227141
7 0.798937 0.677517 0.193359 0.304688
11 0.410807 0.828704 0.039062 0.0625
7 0.74349 0.240307 0.1875 0.17853
3 0.447157 0.333333 0.078776 0.217593
7 0.253906 0.806424 0.13151 0.232639
11 0.767904 0.699074 0.054036 0.066551
11 0.240234 0.740596 0.041233 0.073785
7 0.460938 0.588686 0.109375 0.217303
11 0.710286 0.220775 0.053385 0.052662
4 0.637587 0.484954 0.197049 0.202546
11 0.481228 0.624132 0.037977 0.059028
11 0.24566 0.45544 0.03342 0.04919
11 0.508789 0.284867 0.035373 0.046007
3 0.514648 0.322193 0.14822 0.212095
0 0.200846 0.478877 0.0523 0.171296
0 0.257812 0.446904 0.061632 0.124132
6 0.548937 0.717593 0.155599 0.144676
