4 0.240451 0.417969 0.100260 0.219618
0 0.234918 0.863860 0.160373 0.174479
9 0.453016 0.865741 0.184679 0.264468
7 0.356445 0.418403 0.143446 0.204861
0 0.295681 0.726128 0.137370 0.139757
8 0.354926 0.201389 0.225477 0.279514
7 0.125543 0.684028 0.149523 0.217014
5 0.587674 0.505208 0.116753 0.123264
6 0.543403 0.380064 0.109375 0.151331
7 0.464735 0.683594 0.130425 0.146123
7 0.448459 0.534433 0.115668 0.184028
9 0.590929 0.732639 0.125434 0.253472
6 0.581706 0.415654 0.111328 0.095197
11 0.410807 0.895978 0.031684 0.050637
11 0.319878 0.645833 0.036024 0.052083
11 0.128255 0.398003 0.045139 0.050637
11 0.455946 0.555411 0.029948 0.041956
11 0.469510 0.698785 0.029731 0.044560
4 0.163954 0.410156 0.165582 0.238715
0 0.230794 0.764612 0.105686 0.106192
0 0.319010 0.653067 0.139323 0.162616
