6 0.62934 0.411603 0.105035 0.220197
4 0.673611 0.810909 0.117188 0.26765
0 0.79286 0.773582 0.118273 0.243345
2 0.352431 0.142795 0.132812 0.2636
10 0.376628 0.47772 0.148655 0.260995
4 0.275933 0.827691 0.155599 0.314525
5 0.529839 0.647425 0.119575 0.270544
7 0.737088 0.497541 0.094835 0.214988
5 0.520291 0.373553 0.108724 0.241898
7 0.731554 0.261574 0.081597 0.19213
5 0.195421 0.257957 0.151259 0.274016
11 0.421766 0.735966 0.046658 0.074363
11 0.635525 0.189236 0.036241 0.050926
3 0.496745 0.113137 0.140191 0.223958
