7 0.832031 0.366753 0.27691 0.121528
5 0.838397 0.527452 0.242766 0.121745
0 0.519387 0.189128 0.24537 0.112196
7 0.566696 0.369249 0.256655 0.1148
3 0.258536 0.426975 0.228877 0.142144
2 0.261574 0.297418 0.235532 0.103082
1 0.260706 0.198785 0.253472 0.124566
3 0.247106 0.637695 0.222801 0.154297
1 0.567853 0.540582 0.2636 0.142361
3 0.57798 0.686198 0.214988 0.137153
6 0.832176 0.683702 0.274884 0.139106
0 0.83724 0.16569 0.113715 0.123047
0 0.756221 0.18316 0.083044 0.125
0 0.672888 0.187609 0.08941 0.113932
