5 0.71412 0.890625 0.234375 0.12934
0 0.483073 0.145182 0.253762 0.1875
4 0.795718 0.246636 0.203704 0.189019
7 0.358796 0.62576 0.267361 0.143446
7 0.352575 0.47309 0.250868 0.111111
4 0.705874 0.40115 0.225405 0.151693
5 0.511574 0.896701 0.149306 0.115885
6 0.7364 0.749674 0.304398 0.178168
4 0.680122 0.634983 0.27228 0.104167
11 0.535156 0.397027 0.060475 0.048394
4 0.663628 0.541558 0.257234 0.086155
0 0.416088 0.305556 0.23669 0.117188
11 0.645544 0.923937 0.0625 0.044488
6 0.556713 0.772569 0.202546 0.12717
4 0.679543 0.455946 0.268808 0.115451
4 0.681134 0.299045 0.133102 0.154948
0 0.424334 0.230794 0.227141 0.144314
