7 0.633572 0.595052 0.147352 0.266493
7 0.478733 0.592014 0.119792 0.248843
0 0.173503 0.437066 0.203342 0.247975
4 0.5574 0.29456 0.100911 0.243056
4 0.301541 0.159288 0.17079 0.171586
0 0.320095 0.517216 0.125434 0.238137
5 0.897678 0.266638 0.116102 0.225984
6 0.784939 0.398003 0.135851 0.213831
4 0.657335 0.279369 0.099392 0.249711
11 0.419054 0.40162 0.045573 0.05787
5 0.907986 0.457899 0.113281 0.149016
4 0.413086 0.246238 0.139974 0.207176
11 0.928277 0.33015 0.04145 0.053241
6 0.763563 0.242911 0.168186 0.25434
4 0.485786 0.275463 0.091363 0.234375
4 0.337457 0.271267 0.144965 0.108507
0 0.246311 0.504774 0.12717 0.228299
