7 0.50463 0.441189 0.239583 0.137153
7 0.777778 0.360569 0.239005 0.142144
7 0.494358 0.596571 0.234086 0.125
5 0.24103 0.711372 0.215856 0.145399
6 0.175781 0.533312 0.270544 0.201606
7 0.53342 0.721246 0.217882 0.123915
7 0.436921 0.828234 0.212963 0.107856
0 0.777488 0.675456 0.208912 0.131727
1 0.548177 0.275174 0.239294 0.123698
1 0.689525 0.843316 0.190394 0.126302
0 0.825666 0.530382 0.206887 0.115885
11 0.355469 0.360569 0.05816 0.04362
11 0.362703 0.281359 0.052373 0.043186
3 0.26114 0.413737 0.239873 0.170356
