0 0.673466 0.83572 0.247975 0.196181
1 0.526186 0.580729 0.237558 0.119358
0 0.287037 0.555339 0.20081 0.121962
1 0.775608 0.627604 0.238137 0.12934
2 0.750145 0.503798 0.230613 0.11697
0 0.481626 0.773112 0.238137 0.154731
2 0.523148 0.472439 0.207755 0.107205
7 0.302662 0.427409 0.202546 0.099175
9 0.832031 0.183811 0.213252 0.174045
2 0.545284 0.354167 0.199942 0.100694
0 0.303819 0.686957 0.211227 0.150825
3 0.762731 0.389648 0.228009 0.098307
6 0.591869 0.133247 0.197627 0.097222
5 0.578848 0.230143 0.208044 0.097873
11 0.37066 0.350803 0.046875 0.033637
11 0.393519 0.289062 0.04919 0.036892
