5 0.508681 0.481192 0.132378 0.234375
1 0.159071 0.580584 0.173177 0.228299
3 0.316081 0.496672 0.138672 0.209201
4 0.544596 0.18099 0.157335 0.19647
0 0.754232 0.264323 0.157769 0.202836
3 0.455295 0.72555 0.203559 0.245081
2 0.755859 0.704427 0.173611 0.247396
6 0.674262 0.54485 0.174045 0.234375
11 0.835069 0.765191 0.050781 0.07147
11 0.707248 0.526331 0.041667 0.053819
11 0.426432 0.695747 0.041667 0.057581
11 0.063477 0.721354 0.042752 0.056134
11 0.485352 0.530671 0.049262 0.059028
11 0.763238 0.201244 0.042969 0.057581
3 0.817166 0.788773 0.201606 0.248264
6 0.625 0.457755 0.121094 0.172454
4 0.494358 0.235388 0.131076 0.154225
11 0.341905 0.436198 0.036241 0.051794
2 0.212565 0.497541 0.115668 0.208623
7 0.108615 0.74349 0.186415 0.225405
