2 0.213108 0.328668 0.259549 0.126953
1 0.185764 0.217339 0.273148 0.136502
3 0.179253 0.67806 0.247975 0.153863
7 0.723958 0.374349 0.198495 0.102865
7 0.514757 0.386719 0.234954 0.12066
0 0.452402 0.215169 0.210938 0.126953
1 0.534144 0.501302 0.224537 0.121962
6 0.745804 0.634657 0.194155 0.132161
5 0.742043 0.496853 0.192998 0.103082
3 0.227865 0.454536 0.202257 0.16428
3 0.5557 0.673937 0.183738 0.150825
0 0.721065 0.197483 0.091435 0.117622
0 0.592882 0.215061 0.071181 0.107639
0 0.664497 0.209201 0.067998 0.112413
