4 0.797201 0.198351 0.152995 0.211516
4 0.591688 0.16276 0.144314 0.206887
9 0.825955 0.415654 0.207031 0.238137
7 0.514757 0.398727 0.099392 0.167245
7 0.528971 0.60272 0.11046 0.1875
7 0.63151 0.388455 0.111545 0.206308
5 0.418728 0.149016 0.096571 0.208333
0 0.187174 0.449074 0.130425 0.199074
5 0.40918 0.390336 0.098741 0.180556
0 0.285265 0.554832 0.092231 0.162326
9 0.772678 0.621094 0.199002 0.206308
1 0.383464 0.56467 0.104167 0.187789
6 0.324436 0.145689 0.095486 0.206308
6 0.312283 0.340133 0.092882 0.195312
4 0.186415 0.227575 0.118056 0.179109
11 0.10319 0.56467 0.032335 0.049479
11 0.192708 0.60272 0.032986 0.04456
