7 0.260995 0.357096 0.219329 0.100911
5 0.364728 0.474067 0.131655 0.093533
1 0.558594 0.540148 0.218461 0.114149
9 0.28559 0.178819 0.215856 0.167535
0 0.457321 0.724826 0.22772 0.13151
7 0.415943 0.350694 0.104456 0.095052
4 0.394242 0.887261 0.204572 0.131293
4 0.552951 0.862739 0.094329 0.113498
5 0.184896 0.473633 0.225116 0.105252
9 0.467159 0.182075 0.180845 0.163628
4 0.64077 0.854167 0.079572 0.115451
6 0.184462 0.584961 0.239873 0.119141
6 0.367622 0.579644 0.136863 0.116753
0 0.605613 0.698459 0.098958 0.115234
11 0.13831 0.15191 0.054977 0.039931
7 0.504051 0.34809 0.086806 0.090278
11 0.132812 0.204644 0.052083 0.039497
