0 0.855469 0.785156 0.223669 0.159722
7 0.374132 0.672635 0.193287 0.152127
0 0.702402 0.72092 0.167535 0.141059
4 0.433594 0.830187 0.193576 0.103082
9 0.640191 0.301432 0.395544 0.27474
5 0.355613 0.380208 0.171875 0.194444
7 0.611256 0.526042 0.206308 0.186198
9 0.834491 0.503689 0.314236 0.277344
7 0.673466 0.870443 0.219618 0.122396
8 0.20544 0.671766 0.222222 0.186415
11 0.908131 0.580729 0.063368 0.044705
6 0.2636 0.401584 0.119213 0.160807
6 0.268953 0.471029 0.180845 0.10395
11 0.459925 0.556424 0.054109 0.036024
7 0.451389 0.559353 0.213542 0.154731
11 0.625 0.526042 0.059028 0.036892
11 0.594473 0.697917 0.057581 0.044271
11 0.426939 0.861328 0.048322 0.03342
4 0.416956 0.768663 0.188079 0.075955
0 0.60055 0.690538 0.166377 0.152778
0 0.735388 0.786567 0.108507 0.123915
