4 0.344944 0.645978 0.155599 0.266493
4 0.607639 0.812211 0.215712 0.241319
4 0.741536 0.465422 0.133247 0.216725
4 0.737522 0.349248 0.190755 0.173611
0 0.671658 0.544271 0.174479 0.210648
0 0.529839 0.333189 0.131727 0.171586
0 0.437391 0.272425 0.162543 0.107928
7 0.172092 0.286892 0.113715 0.188368
7 0.375000 0.137731 0.116753 0.173611
7 0.403646 0.454572 0.138455 0.224537
7 0.773763 0.704861 0.191623 0.290509
7 0.908095 0.745370 0.159505 0.299190
1 0.183268 0.691551 0.145182 0.249421
2 0.145942 0.463976 0.194661 0.207465
3 0.470378 0.756366 0.136936 0.263310
5 0.056641 0.381655 0.112847 0.204282
5 0.294813 0.347222 0.134766 0.215278
5 0.529405 0.514323 0.132595 0.240451
5 0.589301 0.209491 0.154731 0.191551
6 0.707140 0.151186 0.175130 0.158854
