7 0.395508 0.582610 0.098741 0.193576
7 0.124674 0.403212 0.100911 0.205729
6 0.760091 0.196325 0.175564 0.227720
5 0.908203 0.217303 0.123698 0.222222
4 0.663194 0.449508 0.105903 0.219039
7 0.226128 0.490741 0.103733 0.210069
0 0.449002 0.371817 0.155382 0.230903
8 0.339735 0.209201 0.218967 0.219329
5 0.903320 0.475405 0.104384 0.196759
6 0.786350 0.469907 0.150825 0.203704
11 0.531033 0.602431 0.035590 0.057292
11 0.570530 0.590712 0.036892 0.050058
7 0.303819 0.539641 0.120226 0.207755
0 0.502496 0.436198 0.085286 0.203414
4 0.590929 0.379485 0.103733 0.209780
6 0.773872 0.331887 0.114583 0.186921
5 0.932292 0.387731 0.126302 0.174769
