11 0.399306 0.771701 0.053241 0.03559
11 0.686343 0.694444 0.050926 0.046007
11 0.545718 0.288194 0.077546 0.052951
11 0.667824 0.262587 0.076389 0.053819
11 0.896991 0.311198 0.083333 0.060764
2 0.390625 0.396701 0.295139 0.150174
2 0.309028 0.456163 0.259259 0.123264
3 0.288773 0.319878 0.28125 0.137153
1 0.434028 0.544271 0.275463 0.125868
1 0.315972 0.580295 0.24537 0.098958
9 0.542824 0.817708 0.203704 0.179688
9 0.848958 0.747396 0.246528 0.212674
10 0.399884 0.677083 0.237269 0.101562
8 0.771991 0.467882 0.324074 0.301215
