7 0.688151 0.276186 0.121528 0.239294
7 0.568142 0.314381 0.104601 0.226562
7 0.586046 0.510127 0.136068 0.210648
9 0.873698 0.326678 0.206597 0.202546
1 0.411784 0.519676 0.100043 0.178241
4 0.108181 0.313368 0.110026 0.218171
5 0.443142 0.162326 0.106771 0.236690
9 0.792752 0.511140 0.192708 0.207465
6 0.335395 0.283420 0.139974 0.190683
0 0.215820 0.361545 0.114800 0.214410
4 0.134983 0.528935 0.110677 0.070023
11 0.799262 0.180122 0.043837 0.056424
11 0.857856 0.189815 0.042535 0.052662
4 0.119141 0.458333 0.112847 0.086227
0 0.265842 0.487269 0.096788 0.164352
6 0.316515 0.147425 0.147352 0.258391
5 0.461806 0.337095 0.101562 0.157986
