0 0.566515 0.434028 0.136502 0.241898
4 0.255642 0.381221 0.124566 0.224826
2 0.640299 0.748409 0.087891 0.2011
1 0.34451 0.645689 0.123047 0.227141
0 0.66428 0.272714 0.088108 0.202836
6 0.380208 0.196036 0.145399 0.228877
5 0.174154 0.709346 0.137804 0.242188
1 0.503906 0.733218 0.125 0.231481
7 0.446072 0.480324 0.118707 0.21875
6 0.52474 0.190394 0.118056 0.228588
11 0.640082 0.565972 0.044922 0.045139
11 0.436523 0.726852 0.042318 0.050347
8 0.770833 0.532118 0.167969 0.27662
11 0.673828 0.394387 0.038194 0.045718
