10 0.219835 0.505498 0.144531 0.250579
11 0.30306 0.450666 0.048828 0.078414
8 0.208984 0.211372 0.267795 0.265336
7 0.339627 0.753762 0.131076 0.217014
7 0.43457 0.447049 0.136502 0.278356
7 0.431641 0.150318 0.142361 0.300637
3 0.595595 0.55136 0.134766 0.269965
1 0.738824 0.571759 0.144748 0.272569
1 0.859592 0.578414 0.123698 0.266204
6 0.511936 0.858073 0.131944 0.225405
5 0.699544 0.860532 0.138238 0.225694
5 0.611871 0.863571 0.083984 0.224248
0 0.626736 0.182292 0.171875 0.33044
0 0.728516 0.222078 0.10026 0.313368
0 0.818902 0.230613 0.118273 0.308449
0 0.920681 0.203414 0.115668 0.331597
