3 0.471897 0.593171 0.126519 0.236690
1 0.341254 0.592159 0.151259 0.248553
2 0.267144 0.391059 0.125868 0.237558
7 0.285156 0.221933 0.127170 0.256366
7 0.465495 0.143663 0.163194 0.261285
5 0.548177 0.349682 0.154948 0.250289
5 0.671984 0.210069 0.113932 0.228588
6 0.801432 0.225550 0.107639 0.223669
0 0.709744 0.447049 0.183377 0.227431
0 0.720269 0.587095 0.175781 0.176505
0 0.590061 0.623119 0.139757 0.238715
4 0.719510 0.824074 0.113064 0.217593
4 0.484918 0.790220 0.140842 0.235532
4 0.351345 0.806568 0.187934 0.182581
4 0.137695 0.603154 0.205078 0.248553
