0 0.380208 0.415365 0.226128 0.261863
6 0.820747 0.801794 0.178385 0.252315
4 0.795030 0.457899 0.152127 0.153646
0 0.237847 0.346788 0.135417 0.249132
11 0.667209 0.821181 0.049262 0.078125
5 0.543294 0.646557 0.194227 0.315683
7 0.663194 0.546296 0.123698 0.259838
2 0.523438 0.316551 0.157986 0.250000
11 0.391168 0.738571 0.057075 0.075521
11 0.938911 0.661169 0.042318 0.054398
11 0.336806 0.323351 0.067708 0.066262
3 0.653971 0.278646 0.137804 0.239583
11 0.658312 0.237558 0.041450 0.056713
11 0.813694 0.245804 0.048828 0.049479
11 0.698134 0.586806 0.043837 0.064236
0 0.339844 0.295718 0.150174 0.144676
0 0.138780 0.397859 0.191623 0.274884
6 0.775174 0.687066 0.127604 0.178530
4 0.761393 0.351562 0.118273 0.107639
7 0.822700 0.261285 0.142795 0.186921
3 0.583767 0.265914 0.113715 0.203704
7 0.930447 0.635706 0.134766 0.243056
7 0.407986 0.807726 0.268229 0.353299
