5 0.470052 0.809751 0.133681 0.287905
3 0.315538 0.499132 0.169705 0.237847
7 0.644531 0.545139 0.115451 0.258681
1 0.817925 0.286024 0.108941 0.260127
7 0.632378 0.82147 0.122396 0.287616
1 0.472439 0.515336 0.146701 0.291088
3 0.400282 0.166811 0.17513 0.244502
0 0.809679 0.528067 0.110243 0.240162
6 0.296549 0.784867 0.171224 0.3261
2 0.728082 0.262153 0.111979 0.23669
3 0.613064 0.234809 0.126736 0.242188
0 0.816949 0.842159 0.102214 0.101562
0 0.805013 0.677083 0.098307 0.091435
0 0.808811 0.758391 0.102865 0.081597
