7 0.41739 0.395508 0.193576 0.098741
7 0.596788 0.124674 0.205729 0.100911
6 0.803675 0.760091 0.22772 0.175564
5 0.782697 0.908203 0.222222 0.123698
4 0.550492 0.663194 0.219039 0.105903
7 0.509259 0.226128 0.210069 0.103733
0 0.628183 0.449002 0.230903 0.155382
8 0.790799 0.339735 0.219329 0.218967
5 0.524595 0.90332 0.196759 0.104384
6 0.530093 0.78635 0.203704 0.150825
11 0.397569 0.531033 0.057292 0.03559
11 0.409288 0.57053 0.050058 0.036892
7 0.460359 0.303819 0.207755 0.120226
0 0.563802 0.502496 0.203414 0.085286
4 0.620515 0.590929 0.20978 0.103733
6 0.668113 0.773872 0.186921 0.114583
5 0.612269 0.932292 0.174769 0.126302
