7 0.735569 0.738715 0.117839 0.224537
2 0.657552 0.565538 0.122396 0.234086
1 0.538845 0.563368 0.117622 0.23669
7 0.57704 0.801794 0.117622 0.229745
5 0.48036 0.746962 0.128255 0.23235
5 0.350803 0.789641 0.121745 0.226273
6 0.235786 0.744358 0.124349 0.221933
3 0.347548 0.546586 0.13737 0.231481
4 0.380425 0.358073 0.142795 0.257812
4 0.507704 0.30599 0.13954 0.264178
0 0.342556 0.203414 0.107856 0.25
4 0.227539 0.172743 0.136936 0.244792
0 0.246636 0.384838 0.149957 0.260417
0 0.133464 0.407697 0.141927 0.270833
4 0.780273 0.317853 0.183377 0.280382
