7 0.431098 0.155237 0.148220 0.244502
7 0.242079 0.363715 0.154731 0.234375
7 0.497613 0.524306 0.137587 0.232639
7 0.814887 0.709925 0.146701 0.232350
7 0.914062 0.727865 0.126302 0.220775
6 0.775174 0.147569 0.173611 0.209491
5 0.655490 0.229456 0.155599 0.231481
5 0.616970 0.572193 0.105469 0.216725
5 0.376411 0.424624 0.157335 0.248553
5 0.132161 0.482350 0.125000 0.228588
2 0.258898 0.568287 0.191406 0.216435
1 0.334527 0.768808 0.122613 0.228588
3 0.575521 0.786748 0.119792 0.224537
4 0.464735 0.710359 0.149523 0.235532
4 0.689887 0.812211 0.160156 0.161458
4 0.799913 0.501881 0.113715 0.201678
4 0.795030 0.380208 0.163845 0.173611
0 0.733724 0.584635 0.151910 0.181424
0 0.611437 0.403067 0.118273 0.219329
0 0.513672 0.329282 0.165365 0.143519
