6 0.443432 0.455187 0.195891 0.13954
0 0.470631 0.210286 0.172743 0.170139
7 0.659867 0.135634 0.246817 0.182726
4 0.611545 0.703885 0.17853 0.193793
5 0.438947 0.56326 0.20544 0.123915
7 0.701389 0.486654 0.28125 0.135634
2 0.16059 0.476128 0.152199 0.103733
7 0.168837 0.357313 0.151331 0.143446
1 0.259259 0.713867 0.170139 0.130425
7 0.251013 0.21951 0.168113 0.157769
7 0.79022 0.625543 0.248264 0.193793
7 0.653212 0.336806 0.263021 0.163194
0 0.376881 0.325521 0.179109 0.095052
4 0.480469 0.774306 0.175058 0.150174
11 0.655671 0.300347 0.0625 0.050347
11 0.240017 0.751845 0.047743 0.039714
11 0.487992 0.701172 0.051794 0.032552
11 0.335359 0.30447 0.048032 0.03342
11 0.24103 0.246311 0.045718 0.032552
1 0.153791 0.560872 0.153067 0.129991
5 0.313079 0.598307 0.109954 0.116753
6 0.314381 0.482096 0.136285 0.104818
4 0.508102 0.722331 0.135995 0.165582
0 0.403501 0.262261 0.153067 0.124783
