0 0.83572 0.326534 0.196181 0.247975
1 0.580729 0.473814 0.119358 0.237558
0 0.555339 0.712963 0.121962 0.20081
1 0.627604 0.224392 0.12934 0.238137
2 0.503798 0.249855 0.11697 0.230613
0 0.773112 0.518374 0.154731 0.238137
2 0.472439 0.476852 0.107205 0.207755
7 0.427409 0.697338 0.099175 0.202546
9 0.183811 0.167969 0.174045 0.213252
2 0.354167 0.454716 0.100694 0.199942
0 0.686957 0.696181 0.150825 0.211227
3 0.389648 0.237269 0.098307 0.228009
6 0.133247 0.408131 0.097222 0.197627
5 0.230143 0.421152 0.097873 0.208044
11 0.350803 0.62934 0.033637 0.046875
11 0.289062 0.606481 0.036892 0.04919
