0 0.655671 0.191081 0.258681 0.128255
5 0.66985 0.677192 0.242477 0.125651
7 0.683304 0.825195 0.257234 0.137804
5 0.472801 0.695855 0.116319 0.122613
6 0.661603 0.531901 0.267072 0.128472
4 0.800492 0.379774 0.271123 0.121094
11 0.610532 0.687826 0.065394 0.044054
4 0.50897 0.38661 0.077546 0.125217
4 0.447483 0.400608 0.048322 0.122396
6 0.475405 0.564996 0.119792 0.138238
4 0.387731 0.403537 0.073495 0.121311
4 0.578125 0.391927 0.059028 0.120226
0 0.39511 0.207791 0.079572 0.126953
4 0.630208 0.388346 0.061343 0.127821
0 0.474537 0.208116 0.092593 0.133247
7 0.491464 0.853624 0.152488 0.123047
11 0.71875 0.828451 0.06713 0.054905
