1 0.213397 0.565104 0.25897 0.151476
0 0.642795 0.28559 0.139757 0.13151
4 0.7364 0.706923 0.146412 0.16428
7 0.276331 0.338433 0.224537 0.170356
7 0.779369 0.415799 0.194155 0.133681
6 0.59592 0.485352 0.19647 0.134766
1 0.349971 0.738607 0.253183 0.152561
7 0.799479 0.266602 0.171875 0.139974
7 0.865885 0.636285 0.16059 0.153646
5 0.457031 0.617405 0.153067 0.117622
4 0.620081 0.773872 0.163773 0.141493
7 0.805266 0.531793 0.191551 0.107856
7 0.406395 0.221463 0.22772 0.130425
0 0.533275 0.353407 0.182292 0.128255
11 0.340133 0.782878 0.061632 0.039714
11 0.639612 0.715929 0.063368 0.048611
0 0.576678 0.320747 0.101273 0.142795
11 0.39945 0.247504 0.048322 0.027995
2 0.251157 0.464627 0.248264 0.106771
4 0.654369 0.74349 0.119502 0.151042
11 0.793692 0.393663 0.041088 0.032552
6 0.453993 0.491102 0.152778 0.115451
5 0.593895 0.581814 0.186632 0.109375
11 0.511719 0.333984 0.046007 0.03776
