7 0.814959 0.818142 0.202257 0.243924
7 0.821325 0.613281 0.171007 0.192708
7 0.620515 0.819661 0.231771 0.252604
7 0.387587 0.815104 0.248553 0.248698
6 0.871672 0.411458 0.175058 0.166233
7 0.64728 0.598958 0.17419 0.203125
5 0.663773 0.382161 0.099537 0.141927
5 0.550637 0.390734 0.154514 0.154731
7 0.464844 0.588867 0.206308 0.190755
11 0.233796 0.632595 0.056713 0.044705
11 0.292245 0.441406 0.058449 0.03776
11 0.490017 0.579753 0.067419 0.050564
11 0.679977 0.59375 0.060185 0.046875
11 0.527778 0.373264 0.056713 0.038194
6 0.773727 0.391927 0.118056 0.155382
