0 0.468099 0.686343 0.119792 0.232639
7 0.888021 0.598524 0.122396 0.237558
5 0.081923 0.836661 0.11263 0.247975
7 0.727105 0.595197 0.120443 0.230324
4 0.335178 0.641638 0.115668 0.195891
7 0.611003 0.574074 0.110026 0.23206
7 0.628906 0.331019 0.108507 0.216435
4 0.336806 0.452691 0.115451 0.143229
6 0.196181 0.836516 0.130208 0.247106
5 0.080838 0.612124 0.128255 0.194155
6 0.200629 0.625289 0.111762 0.190972
5 0.088759 0.437066 0.127604 0.153067
8 0.67513 0.828125 0.243056 0.228009
6 0.20204 0.444734 0.108073 0.164931
11 0.419054 0.357205 0.042969 0.055266
0 0.459093 0.496094 0.127387 0.155961
11 0.465929 0.344618 0.041667 0.060764
