5 0.788628 0.438585 0.195891 0.097656
4 0.640336 0.127279 0.201389 0.112196
7 0.708044 0.673828 0.216435 0.134549
9 0.474971 0.815104 0.210938 0.194444
0 0.599537 0.218424 0.185764 0.107856
9 0.675203 0.857313 0.198206 0.205946
7 0.665654 0.559896 0.213252 0.111979
1 0.44401 0.402561 0.22309 0.111979
6 0.791811 0.329427 0.217882 0.144965
7 0.458623 0.584852 0.235532 0.140625
11 0.80136 0.81901 0.054688 0.042969
4 0.425347 0.119032 0.071181 0.103082
11 0.806279 0.76161 0.0489 0.03928
4 0.502894 0.117513 0.081597 0.103516
5 0.650174 0.456272 0.160301 0.085286
0 0.45515 0.254557 0.164352 0.092882
6 0.654659 0.330078 0.133391 0.107639
