7 0.740596 0.237956 0.193576 0.10178
7 0.845341 0.389106 0.219618 0.157118
5 0.694589 0.483398 0.233507 0.166016
5 0.854311 0.582899 0.219618 0.140625
6 0.884838 0.716146 0.216435 0.133247
0 0.651331 0.661892 0.190394 0.19401
0 0.521123 0.69401 0.219329 0.201389
0 0.444734 0.565755 0.25463 0.170573
4 0.258102 0.746419 0.282407 0.169922
4 0.246672 0.472982 0.259549 0.128689
4 0.208767 0.344293 0.221354 0.191623
4 0.358362 0.135851 0.219618 0.171441
1 0.424769 0.318034 0.246528 0.152561
3 0.447772 0.437717 0.248553 0.136285
2 0.583912 0.234592 0.22338 0.126302
