2 0.422888 0.191515 0.266493 0.258898
1 0.155961 0.235677 0.303241 0.14974
3 0.154369 0.564562 0.302373 0.153429
4 0.251736 0.422418 0.319444 0.196832
4 0.140336 0.703016 0.216435 0.187717
4 0.438802 0.794379 0.266493 0.126519
4 0.581453 0.796984 0.210359 0.17079
0 0.360388 0.682183 0.239294 0.193793
0 0.592448 0.593099 0.248553 0.121962
0 0.659288 0.479601 0.156539 0.176649
5 0.76548 0.649631 0.243345 0.161675
5 0.546007 0.352431 0.295139 0.190104
6 0.82827 0.768121 0.189525 0.171224
7 0.883825 0.406793 0.230613 0.150391
7 0.674769 0.169162 0.271412 0.178168
