7 0.548032 0.401693 0.241319 0.148003
4 0.370081 0.893772 0.198495 0.11263
7 0.327257 0.430122 0.243634 0.114583
9 0.320023 0.114583 0.221644 0.208333
6 0.197627 0.688477 0.243634 0.169054
7 0.284144 0.313043 0.234375 0.134332
1 0.570602 0.590061 0.215278 0.110677
0 0.41305 0.789931 0.217882 0.126302
9 0.531829 0.173069 0.209491 0.199002
5 0.195023 0.567057 0.225694 0.113281
4 0.523582 0.887912 0.091146 0.101345
4 0.600405 0.879015 0.072917 0.11263
11 0.178675 0.149414 0.059896 0.047092
5 0.35055 0.542535 0.183738 0.090712
11 0.175058 0.212348 0.050926 0.04145
6 0.355613 0.681858 0.133102 0.111545
0 0.56033 0.740017 0.176794 0.105469
