9 0.790509 0.194553 0.418403 0.388672
0 0.221933 0.565755 0.142361 0.128906
10 0.720052 0.560547 0.268229 0.157986
0 0.248119 0.713542 0.182581 0.087674
8 0.851273 0.803385 0.296875 0.15191
11 0.667824 0.385525 0.079861 0.045356
1 0.498553 0.715929 0.177662 0.115017
3 0.427517 0.60026 0.223669 0.123698
7 0.686053 0.733615 0.203125 0.118707
7 0.242766 0.450629 0.257523 0.1773
7 0.606047 0.829319 0.209201 0.084852
3 0.419705 0.793837 0.172743 0.097222
0 0.109375 0.589627 0.113426 0.110677
0 0.141059 0.579753 0.078414 0.116536
11 0.239873 0.59592 0.04919 0.03342
11 0.38397 0.605252 0.045718 0.03342
2 0.407841 0.674045 0.149595 0.075955
