6 0.850839 0.760742 0.238715 0.213325
5 0.746672 0.621528 0.255498 0.178819
4 0.575955 0.800022 0.233507 0.221571
4 0.41985 0.794705 0.286458 0.15408
4 0.106337 0.687283 0.212674 0.217448
4 0.218316 0.402235 0.284433 0.174262
0 0.550058 0.562391 0.241319 0.126519
0 0.603877 0.448242 0.171875 0.17079
0 0.323061 0.661892 0.244502 0.217882
3 0.13151 0.534288 0.262442 0.155816
1 0.132957 0.253689 0.255498 0.110677
2 0.359954 0.218859 0.214699 0.186415
5 0.47526 0.337891 0.265336 0.161024
7 0.566985 0.195312 0.239294 0.13151
7 0.795862 0.378255 0.2364 0.138455
