4 0.287001 0.543981 0.173394 0.179977
4 0.434245 0.574797 0.145399 0.216146
0 0.790148 0.320023 0.150608 0.259838
7 0.750543 0.576534 0.146918 0.213831
7 0.621853 0.109664 0.171224 0.216435
8 0.313477 0.750868 0.221571 0.22338
6 0.391819 0.235677 0.184245 0.269387
5 0.535482 0.659288 0.113498 0.194734
0 0.652452 0.323351 0.171658 0.247396
2 0.577908 0.51577 0.138455 0.2011
5 0.600586 0.709201 0.157335 0.204861
4 0.437717 0.443432 0.130208 0.136285
4 0.324219 0.42636 0.107639 0.182002
11 0.328342 0.434317 0.043403 0.048032
11 0.583333 0.539786 0.036024 0.049479
11 0.719076 0.573061 0.037977 0.048322
11 0.634874 0.325955 0.036241 0.050637
0 0.736111 0.239728 0.097656 0.136285
5 0.509223 0.21195 0.144748 0.208623
