5 0.890625 0.28588 0.12934 0.234375
0 0.145182 0.516927 0.1875 0.253762
4 0.246636 0.204282 0.189019 0.203704
7 0.62576 0.641204 0.143446 0.267361
7 0.47309 0.647425 0.111111 0.250868
4 0.40115 0.294126 0.151693 0.225405
5 0.896701 0.488426 0.115885 0.149306
6 0.749674 0.2636 0.178168 0.304398
4 0.634983 0.319878 0.104167 0.27228
11 0.397027 0.464844 0.048394 0.060475
4 0.541558 0.336372 0.086155 0.257234
0 0.305556 0.583912 0.117188 0.23669
11 0.923937 0.354456 0.044488 0.0625
6 0.772569 0.443287 0.12717 0.202546
4 0.455946 0.320457 0.115451 0.268808
4 0.299045 0.318866 0.154948 0.133102
0 0.230794 0.575666 0.144314 0.227141
