4 0.267795 0.256366 0.306424 0.233796
4 0.455295 0.297454 0.087674 0.234954
4 0.528646 0.243056 0.092014 0.239583
4 0.599392 0.240741 0.091146 0.232639
4 0.673177 0.217014 0.094618 0.233796
4 0.751736 0.238426 0.102431 0.232639
4 0.830295 0.243634 0.092882 0.224537
4 0.907986 0.257523 0.086806 0.224537
0 0.213976 0.716435 0.337674 0.278935
0 0.419271 0.692130 0.098958 0.267361
0 0.513021 0.670718 0.095486 0.254630
0 0.596788 0.664931 0.087674 0.263889
0 0.687934 0.666088 0.108507 0.270833
0 0.785156 0.688657 0.098090 0.271991
0 0.863281 0.696759 0.089410 0.281250
0 0.935764 0.688657 0.078125 0.267361
