7 0.446181 0.52445 0.190972 0.240451
7 0.288194 0.73423 0.221354 0.298322
7 0.553602 0.299045 0.164062 0.233507
7 0.583767 0.724682 0.147569 0.199942
9 0.295356 0.185185 0.293837 0.363426
0 0.70128 0.77474 0.122613 0.235243
11 0.293294 0.418692 0.044054 0.064236
0 0.787435 0.707465 0.096571 0.204282
1 0.739149 0.159867 0.125434 0.212095
10 0.75217 0.446325 0.125868 0.216146
11 0.533746 0.409288 0.037977 0.055845
7 0.42003 0.828559 0.193359 0.271701
0 0.748155 0.829861 0.073568 0.142361
2 0.690104 0.251736 0.09375 0.153935
3 0.608615 0.156539 0.131727 0.226273
