9 0.16428 0.506655 0.198351 0.212963
7 0.373481 0.731916 0.111545 0.2364
1 0.572917 0.446181 0.104601 0.222222
4 0.881836 0.641059 0.101345 0.217882
9 0.160916 0.707321 0.209418 0.213252
4 0.871419 0.403791 0.098307 0.077257
4 0.878147 0.488571 0.103082 0.083623
5 0.4949 0.816406 0.100911 0.226562
6 0.603733 0.642216 0.118056 0.144387
0 0.748372 0.557726 0.113932 0.204572
7 0.36773 0.57827 0.106988 0.091725
6 0.601345 0.819589 0.115017 0.218461
7 0.364149 0.480613 0.102431 0.088542
5 0.498155 0.639612 0.098307 0.143229
11 0.200955 0.862558 0.044705 0.053241
0 0.728733 0.416233 0.102865 0.092882
11 0.137587 0.860677 0.050347 0.058738
