0 0.619792 0.584635 0.226128 0.261863
6 0.179253 0.198206 0.178385 0.252315
4 0.20497 0.542101 0.152127 0.153646
0 0.762153 0.653212 0.135417 0.249132
11 0.332791 0.178819 0.049262 0.078125
5 0.456706 0.353443 0.194227 0.315683
7 0.336806 0.453704 0.123698 0.259838
2 0.476562 0.683449 0.157986 0.25
11 0.608832 0.261429 0.057075 0.075521
11 0.061089 0.338831 0.042318 0.054398
11 0.663194 0.676649 0.067708 0.066262
3 0.346029 0.721354 0.137804 0.239583
11 0.341688 0.762442 0.04145 0.056713
11 0.186306 0.754196 0.048828 0.049479
11 0.301866 0.413194 0.043837 0.064236
0 0.660156 0.704282 0.150174 0.144676
0 0.86122 0.602141 0.191623 0.274884
6 0.224826 0.312934 0.127604 0.17853
4 0.238607 0.648438 0.118273 0.107639
7 0.1773 0.738715 0.142795 0.186921
3 0.416233 0.734086 0.113715 0.203704
7 0.069553 0.364294 0.134766 0.243056
7 0.592014 0.192274 0.268229 0.353299
