10 0.347801 0.801649 0.215278 0.108507
11 0.487269 0.388889 0.054398 0.036458
11 0.552083 0.361545 0.054398 0.03559
4 0.303241 0.661024 0.09375 0.108507
4 0.380787 0.64974 0.070602 0.106771
4 0.451389 0.648872 0.08912 0.110243
4 0.527199 0.638455 0.064815 0.111979
4 0.585648 0.625434 0.065972 0.111979
4 0.648727 0.628472 0.071759 0.105903
4 0.719907 0.630208 0.082176 0.109375
4 0.86169 0.589844 0.261574 0.148438
0 0.293981 0.507378 0.072917 0.101562
0 0.355903 0.497396 0.06713 0.102431
0 0.426505 0.489149 0.085648 0.103299
0 0.498264 0.488281 0.090278 0.111979
0 0.561921 0.470486 0.087963 0.109375
0 0.634259 0.453559 0.079861 0.111979
0 0.703704 0.438802 0.079861 0.103299
0 0.86169 0.408854 0.238426 0.147569
