6 0.412543 0.303096 0.121528 0.221933
0 0.841037 0.438368 0.115668 0.090278
7 0.609701 0.750579 0.119141 0.261574
0 0.833116 0.279803 0.119358 0.23669
7 0.737522 0.772135 0.129557 0.260127
9 0.189345 0.415799 0.240668 0.216435
4 0.703451 0.411603 0.115668 0.085359
4 0.709635 0.255642 0.119792 0.217303
7 0.488498 0.778067 0.124566 0.259838
4 0.716905 0.508536 0.118273 0.108507
7 0.863607 0.741753 0.139106 0.265914
5 0.56326 0.248698 0.119575 0.236979
7 0.368381 0.766638 0.125217 0.254919
0 0.844293 0.512008 0.119575 0.058738
11 0.357313 0.502025 0.04796 0.056713
11 0.409288 0.46658 0.041233 0.050058
8 0.159288 0.683883 0.232639 0.225984
