0 0.329753 0.371528 0.182075 0.185185
7 0.476128 0.196759 0.151476 0.257523
7 0.429905 0.791956 0.175347 0.241898
1 0.793077 0.668692 0.113932 0.225694
2 0.562391 0.802517 0.125651 0.249132
6 0.567491 0.430845 0.134549 0.232639
7 0.279405 0.151476 0.194227 0.213831
4 0.774848 0.291667 0.138672 0.156250
7 0.713216 0.128617 0.144748 0.175058
5 0.664497 0.445168 0.101997 0.235243
7 0.609049 0.184896 0.119141 0.242477
11 0.322483 0.677373 0.038194 0.062500
4 0.827582 0.417679 0.114800 0.153646
11 0.832031 0.679109 0.035590 0.050926
7 0.275716 0.664931 0.158203 0.277778
0 0.436523 0.509115 0.120009 0.204572
11 0.451063 0.181279 0.046224 0.076678
11 0.410373 0.543258 0.034288 0.063947
11 0.785482 0.402922 0.027127 0.052951
6 0.585720 0.592882 0.115885 0.131366
5 0.699219 0.579572 0.107639 0.141204
1 0.661675 0.803241 0.131944 0.219329
0 0.379123 0.466869 0.172743 0.139757
4 0.801866 0.376447 0.128472 0.115741
