7 0.181858 0.814959 0.243924 0.202257
7 0.386719 0.821325 0.192708 0.171007
7 0.180339 0.620515 0.252604 0.231771
7 0.184896 0.387587 0.248698 0.248553
6 0.588542 0.871672 0.166233 0.175058
7 0.401042 0.647280 0.203125 0.174190
5 0.617839 0.663773 0.141927 0.099537
5 0.609266 0.550637 0.154731 0.154514
7 0.411133 0.464844 0.190755 0.206308
11 0.367405 0.233796 0.044705 0.056713
11 0.558594 0.292245 0.037760 0.058449
11 0.420247 0.490017 0.050564 0.067419
11 0.406250 0.679977 0.046875 0.060185
11 0.626736 0.527778 0.038194 0.056713
6 0.608073 0.773727 0.155382 0.118056
