4 0.432292 0.500651 0.255787 0.125434
7 0.714699 0.635417 0.244213 0.130642
0 0.441985 0.659397 0.262442 0.069661
7 0.69864 0.389648 0.212674 0.118273
0 0.436198 0.726345 0.269965 0.078993
7 0.752025 0.904405 0.27662 0.137804
7 0.664786 0.269965 0.216146 0.119358
7 0.73206 0.767036 0.26331 0.129557
4 0.435619 0.588325 0.244502 0.075087
4 0.453848 0.886502 0.27691 0.093316
0 0.43533 0.802951 0.268808 0.081597
7 0.711227 0.514214 0.260995 0.116536
11 0.49537 0.494792 0.054398 0.043403
11 0.45544 0.805122 0.0625 0.047743
11 0.78125 0.927951 0.065972 0.046875
11 0.739583 0.516927 0.056713 0.03559
11 0.729167 0.282986 0.052083 0.043403
