7 0.609375 0.478299 0.132378 0.217014
7 0.337674 0.512008 0.105469 0.209201
0 0.505751 0.824508 0.119141 0.250868
7 0.69477 0.780382 0.174696 0.278935
7 0.254232 0.413484 0.123047 0.208333
7 0.458333 0.474248 0.09592 0.211227
5 0.378581 0.250579 0.117839 0.177662
1 0.195312 0.664497 0.101128 0.219039
0 0.34885 0.762442 0.118273 0.239583
3 0.65408 0.26794 0.171007 0.20544
1 0.786784 0.523582 0.133464 0.219618
11 0.698025 0.336806 0.042752 0.052662
6 0.540582 0.187645 0.147135 0.199942
11 0.776367 0.341869 0.044054 0.052373
