7 0.670464 0.602286 0.149089 0.213831
7 0.569444 0.415654 0.149306 0.242188
9 0.465929 0.183304 0.268663 0.366609
7 0.096029 0.530093 0.181207 0.204861
0 0.368056 0.487413 0.134983 0.219618
5 0.474609 0.645399 0.143229 0.173322
7 0.706163 0.370515 0.168837 0.254919
7 0.62576 0.76331 0.151259 0.165509
7 0.222873 0.761574 0.155816 0.177662
7 0.415148 0.822193 0.15191 0.16985
7 0.233615 0.328559 0.171224 0.250868
2 0.239258 0.597512 0.121745 0.204861
11 0.297201 0.892216 0.032335 0.051794
10 0.779514 0.717737 0.158854 0.17853
