4 0.719329 0.63303 0.21412 0.125434
0 0.628762 0.752604 0.239583 0.11849
7 0.556134 0.875 0.239583 0.132812
2 0.556568 0.406684 0.219618 0.117622
1 0.549913 0.516276 0.226562 0.124566
0 0.472801 0.75217 0.099537 0.119792
3 0.583623 0.302734 0.222222 0.112413
6 0.6807 0.07194 0.207465 0.127387
4 0.49349 0.630317 0.082465 0.109592
7 0.825087 0.842882 0.22309 0.120226
5 0.52908 0.156033 0.131076 0.103299
5 0.688657 0.173286 0.219329 0.115234
4 0.570312 0.633247 0.083912 0.104167
11 0.696904 0.525933 0.052951 0.034505
6 0.541377 0.053277 0.090856 0.106554
