0 0.492332 0.793186 0.212674 0.140625
7 0.36603 0.435438 0.161458 0.094835
7 0.33695 0.33648 0.164062 0.108724
1 0.560041 0.558594 0.170428 0.088108
4 0.24103 0.796984 0.197338 0.132161
4 0.137153 0.373372 0.22338 0.123481
9 0.337818 0.203125 0.183738 0.143229
7 0.556424 0.417101 0.156829 0.101562
4 0.158565 0.215278 0.197917 0.115017
5 0.376157 0.53928 0.195602 0.098524
0 0.580584 0.665148 0.18316 0.121094
5 0.136719 0.538628 0.220775 0.100694
9 0.514757 0.225911 0.152778 0.129774
6 0.137587 0.635851 0.218461 0.104601
6 0.340712 0.640842 0.195891 0.102431
11 0.663484 0.778103 0.047454 0.037543
11 0.652344 0.901801 0.045428 0.044922
