1 0.605179 0.397569 0.175058 0.155816
0 0.850405 0.393989 0.150463 0.126953
7 0.726707 0.694878 0.167535 0.140191
9 0.290943 0.878364 0.287905 0.231554
11 0.395399 0.766385 0.054109 0.041884
7 0.435185 0.376411 0.21412 0.186415
0 0.79239 0.579427 0.13397 0.139757
7 0.535012 0.221571 0.210648 0.152344
3 0.635851 0.543511 0.190104 0.121311
7 0.720631 0.278971 0.166956 0.156033
8 0.266493 0.263238 0.334491 0.252604
10 0.381221 0.596029 0.225405 0.162977
0 0.891782 0.526476 0.107639 0.140625
2 0.686632 0.458116 0.115741 0.099392
0 0.853877 0.561957 0.067708 0.133898
11 0.790509 0.553819 0.042245 0.030816
11 0.675926 0.546766 0.039352 0.035807
