0 0.434028 0.433485 0.241898 0.136502
4 0.381221 0.744358 0.224826 0.124566
2 0.748409 0.359701 0.2011 0.087891
1 0.645689 0.65549 0.227141 0.123047
0 0.272714 0.33572 0.202836 0.088108
6 0.196036 0.619792 0.228877 0.145399
5 0.709346 0.825846 0.242188 0.137804
1 0.733218 0.496094 0.231481 0.125
7 0.480324 0.553928 0.21875 0.118707
6 0.190394 0.47526 0.228588 0.118056
11 0.565972 0.359918 0.045139 0.044922
11 0.726852 0.563477 0.050347 0.042318
8 0.532118 0.229167 0.27662 0.167969
11 0.394387 0.326172 0.045718 0.038194
