6 0.363715 0.902235 0.235532 0.140842
5 0.526042 0.778754 0.133102 0.114366
2 0.465422 0.511936 0.209201 0.101997
4 0.291377 0.310872 0.194444 0.119141
0 0.375579 0.215603 0.209491 0.101345
7 0.185619 0.142795 0.224248 0.104167
0 0.512297 0.21875 0.074942 0.088542
1 0.46412 0.410699 0.20081 0.10178
3 0.449797 0.619358 0.218461 0.110243
7 0.429253 0.128255 0.186053 0.09375
5 0.347656 0.780273 0.250289 0.121745
6 0.528646 0.909505 0.104167 0.125868
4 0.436053 0.31174 0.074653 0.091363
4 0.503183 0.314345 0.07581 0.087891
11 0.324074 0.406684 0.046875 0.039062
