0 0.432617 0.358073 0.156033 0.149016
4 0.603733 0.741464 0.164497 0.14728
2 0.605903 0.534144 0.161458 0.149306
4 0.597548 0.894242 0.17079 0.164641
1 0.367079 0.760561 0.182943 0.139178
0 0.463759 0.234086 0.150174 0.141204
0 0.480143 0.122541 0.148655 0.124711
7 0.840061 0.532697 0.158854 0.130208
7 0.849067 0.667245 0.152561 0.137153
6 0.253906 0.392361 0.154948 0.127315
3 0.620334 0.405093 0.150825 0.145255
5 0.249566 0.521412 0.165365 0.143519
5 0.420356 0.536169 0.16059 0.135995
11 0.616536 0.257668 0.044705 0.043113
11 0.718207 0.27228 0.03928 0.048032
