7 0.59838 0.813368 0.243634 0.139323
7 0.568866 0.440104 0.222222 0.110677
7 0.553241 0.203451 0.207176 0.113498
0 0.335214 0.534831 0.2636 0.093967
7 0.552662 0.685872 0.239583 0.131293
0 0.316696 0.610352 0.234664 0.091797
7 0.576968 0.549262 0.237269 0.105469
7 0.564525 0.320964 0.197338 0.100694
4 0.326823 0.381727 0.206308 0.117622
11 0.411603 0.32053 0.051794 0.042535
4 0.309317 0.774306 0.236111 0.113281
11 0.425637 0.382161 0.048611 0.036892
4 0.334491 0.463867 0.229745 0.080946
11 0.497396 0.387153 0.057292 0.045139
11 0.575376 0.627062 0.051794 0.04579
0 0.308449 0.672743 0.243056 0.095486
11 0.572338 0.528646 0.048611 0.034722
