5 0.328704 0.492513 0.128472 0.093099
7 0.243345 0.378364 0.179977 0.105252
1 0.518663 0.563694 0.223669 0.109158
9 0.284433 0.202799 0.193866 0.161241
4 0.323206 0.898872 0.186343 0.125
5 0.165365 0.491102 0.202836 0.102431
9 0.459491 0.188477 0.181134 0.187283
0 0.40162 0.743164 0.213542 0.115668
4 0.480035 0.889648 0.09375 0.112196
6 0.32581 0.594618 0.133102 0.116753
4 0.57147 0.890842 0.08912 0.115451
7 0.3886 0.36697 0.101273 0.098524
11 0.14511 0.188151 0.050637 0.039497
7 0.479022 0.362088 0.08478 0.095269
6 0.157841 0.588542 0.207465 0.109809
11 0.142216 0.237847 0.050637 0.036892
0 0.550637 0.725803 0.095486 0.111328
