1 0.40408 0.810438 0.200521 0.122613
7 0.680556 0.678602 0.25 0.141927
7 0.64077 0.913411 0.234664 0.145399
2 0.411748 0.674696 0.206597 0.113281
2 0.277054 0.651367 0.110243 0.106988
4 0.491319 0.300239 0.183449 0.215061
7 0.682581 0.544488 0.251736 0.137153
3 0.34838 0.555339 0.174769 0.112413
0 0.388889 0.458116 0.197917 0.082465
11 0.513021 0.562826 0.061921 0.04579
11 0.677083 0.458767 0.063079 0.045139
0 0.364294 0.370334 0.140625 0.126953
1 0.283131 0.812391 0.095197 0.134766
0 0.38831 0.336372 0.122685 0.155382
11 0.432292 0.463542 0.053241 0.045139
11 0.449074 0.701389 0.052083 0.048611
11 0.659722 0.789497 0.061343 0.047743
7 0.643519 0.792969 0.248843 0.148438
