0 0.604167 0.789931 0.184028 0.206597
0 0.585648 0.661458 0.163194 0.072917
0 0.565394 0.602431 0.162037 0.067708
0 0.54919 0.548611 0.155093 0.074653
0 0.529514 0.492188 0.164352 0.060764
0 0.537616 0.439236 0.155093 0.074653
0 0.536458 0.38151 0.148148 0.052951
0 0.524884 0.334201 0.141204 0.052083
4 0.346644 0.771267 0.185185 0.212674
4 0.309606 0.652344 0.168981 0.072049
4 0.321759 0.599392 0.165509 0.063368
4 0.329861 0.548611 0.163194 0.053819
4 0.30787 0.496962 0.158565 0.056424
4 0.306134 0.44184 0.152778 0.0625
4 0.316551 0.382812 0.152778 0.055556
4 0.308449 0.320312 0.155093 0.072917
10 0.107639 0.343316 0.165509 0.165799
11 0.706597 0.543403 0.053241 0.039931
11 0.675347 0.494792 0.053241 0.038194
