5 0.845486 0.497685 0.133681 0.144676
5 0.848524 0.346065 0.138021 0.184028
5 0.847222 0.170139 0.166667 0.322917
6 0.710503 0.527199 0.134549 0.125
6 0.697483 0.41088 0.132812 0.15162
6 0.672309 0.196759 0.167535 0.311343
1 0.53342 0.325231 0.139757 0.28588
1 0.516927 0.507523 0.136285 0.175926
2 0.366753 0.509259 0.138021 0.174769
2 0.375868 0.314815 0.164931 0.302083
3 0.200521 0.323495 0.171875 0.31713
3 0.209201 0.518519 0.142361 0.186343
11 0.352865 0.08912 0.05816 0.086806
11 0.509983 0.120949 0.047743 0.074074
10 0.111111 0.745949 0.137153 0.243056
