0 0.415365 0.619792 0.261863 0.226128
6 0.801794 0.179253 0.252315 0.178385
4 0.457899 0.20497 0.153646 0.152127
0 0.346788 0.762153 0.249132 0.135417
11 0.821181 0.332791 0.078125 0.049262
5 0.646557 0.456706 0.315683 0.194227
7 0.546296 0.336806 0.259838 0.123698
2 0.316551 0.476562 0.25 0.157986
11 0.738571 0.608832 0.075521 0.057075
11 0.661169 0.061089 0.054398 0.042318
11 0.323351 0.663194 0.066262 0.067708
3 0.278646 0.346029 0.239583 0.137804
11 0.237558 0.341688 0.056713 0.04145
11 0.245804 0.186306 0.049479 0.048828
11 0.586806 0.301866 0.064236 0.043837
0 0.295718 0.660156 0.144676 0.150174
0 0.397859 0.86122 0.274884 0.191623
6 0.687066 0.224826 0.17853 0.127604
4 0.351562 0.238607 0.107639 0.118273
7 0.261285 0.1773 0.186921 0.142795
3 0.265914 0.416233 0.203704 0.113715
7 0.635706 0.069553 0.243056 0.134766
7 0.807726 0.592014 0.353299 0.268229
