10 0.240162 0.117622 0.215278 0.150174
1 0.467593 0.52474 0.181713 0.134549
1 0.635417 0.553385 0.278935 0.143229
2 0.64294 0.389757 0.305556 0.173611
2 0.452546 0.37717 0.15625 0.143229
3 0.453125 0.21441 0.189815 0.140625
3 0.634838 0.209201 0.3125 0.170139
6 0.429398 0.71224 0.107639 0.12066
6 0.541667 0.708767 0.137731 0.134549
6 0.747685 0.69184 0.299769 0.15625
5 0.465856 0.843316 0.134259 0.118924
5 0.598958 0.855469 0.166667 0.125868
5 0.787037 0.871962 0.311343 0.148438
11 0.837384 0.532552 0.081019 0.046007
11 0.875579 0.364149 0.083333 0.054688
