0 0.29503 0.24349 0.169922 0.266493
7 0.622287 0.512876 0.191623 0.232928
7 0.793077 0.312934 0.223307 0.286169
1 0.323893 0.837095 0.146484 0.163773
10 0.271484 0.594618 0.162326 0.207755
9 0.77474 0.808015 0.270833 0.27691
7 0.513563 0.716435 0.166884 0.177662
11 0.532444 0.621528 0.038411 0.050926
11 0.777235 0.612413 0.044922 0.057581
7 0.453668 0.310475 0.187283 0.199074
7 0.636936 0.190683 0.217014 0.289352
3 0.461046 0.838686 0.142578 0.166377
2 0.361003 0.771991 0.100911 0.132523
0 0.194336 0.317853 0.142578 0.203414
0 0.216905 0.176794 0.1148 0.16956
