1 0.444010 0.320602 0.149740 0.228009
0 0.470269 0.642506 0.106771 0.278067
0 0.564996 0.629485 0.118273 0.256655
2 0.718424 0.300203 0.122613 0.227720
7 0.291233 0.600116 0.214410 0.251157
7 0.276801 0.355324 0.122613 0.236111
4 0.793077 0.604745 0.099609 0.226852
7 0.133898 0.440683 0.132812 0.251736
2 0.631510 0.300058 0.075087 0.225116
3 0.826389 0.302373 0.122396 0.233796
4 0.712240 0.602865 0.075521 0.231771
11 0.651476 0.344618 0.046007 0.059028
11 0.859701 0.270255 0.044488 0.060185
4 0.865668 0.633681 0.153646 0.277778
1 0.536024 0.325231 0.111979 0.248843
