1 0.320602 0.55599 0.228009 0.14974
0 0.642506 0.529731 0.278067 0.106771
0 0.629485 0.435004 0.256655 0.118273
2 0.300203 0.281576 0.22772 0.122613
7 0.600116 0.708767 0.251157 0.21441
7 0.355324 0.723199 0.236111 0.122613
4 0.604745 0.206923 0.226852 0.099609
7 0.440683 0.866102 0.251736 0.132812
2 0.300058 0.36849 0.225116 0.075087
3 0.302373 0.173611 0.233796 0.122396
4 0.602865 0.28776 0.231771 0.075521
11 0.344618 0.348524 0.059028 0.046007
11 0.270255 0.140299 0.060185 0.044488
4 0.633681 0.134332 0.277778 0.153646
1 0.325231 0.463976 0.248843 0.111979
