7 0.604167 0.234809 0.151042 0.27691
1 0.788194 0.557726 0.141059 0.22309
2 0.619792 0.718605 0.115885 0.136863
7 0.45497 0.237413 0.14822 0.270544
2 0.631944 0.548756 0.144531 0.245081
7 0.883464 0.268808 0.148872 0.302083
4 0.215278 0.466001 0.240017 0.212095
0 0.396159 0.581597 0.107422 0.233796
11 0.491319 0.432726 0.050347 0.069155
3 0.50217 0.630642 0.121528 0.208623
11 0.359701 0.245949 0.050998 0.068287
7 0.74197 0.269242 0.144965 0.300058
0 0.297201 0.600839 0.129123 0.186632
1 0.804905 0.701244 0.13151 0.133391
11 0.657552 0.508247 0.049479 0.067419
11 0.729167 0.245949 0.057292 0.081019
11 0.389757 0.53125 0.045139 0.063657
0 0.257812 0.58044 0.171875 0.145833
