7 0.295139 0.4375 0.199653 0.282986
7 0.717556 0.672743 0.140408 0.21875
7 0.258898 0.712384 0.211806 0.288773
4 0.322266 0.165509 0.198351 0.236111
4 0.472765 0.21875 0.088325 0.234375
5 0.59299 0.472656 0.130425 0.194155
8 0.553819 0.777633 0.240451 0.348669
5 0.72602 0.382957 0.124349 0.203993
11 0.444119 0.52662 0.044488 0.058449
11 0.59299 0.753472 0.037977 0.051505
11 0.390082 0.285446 0.041016 0.057581
4 0.397569 0.223814 0.121094 0.24103
4 0.54145 0.195312 0.078125 0.184028
6 0.569227 0.353443 0.14974 0.157118
6 0.682509 0.463831 0.121528 0.199653
