1 0.772135 0.604745 0.16276 0.256944
7 0.540799 0.224248 0.152778 0.333912
7 0.874891 0.27011 0.195964 0.364294
2 0.592773 0.7432 0.121311 0.14265
3 0.468424 0.625289 0.113932 0.222222
2 0.59299 0.565828 0.166016 0.245081
4 0.215386 0.424045 0.166884 0.195891
0 0.37424 0.560185 0.090929 0.211227
11 0.679036 0.24349 0.061198 0.081308
7 0.397027 0.22309 0.138672 0.296875
11 0.310004 0.227865 0.042752 0.07147
11 0.44043 0.424913 0.051432 0.065104
0 0.290148 0.565972 0.096354 0.162037
7 0.704536 0.274016 0.147352 0.361111
1 0.803385 0.774306 0.157986 0.15625
11 0.612522 0.52662 0.054905 0.063657
11 0.35612 0.508391 0.045139 0.056713
0 0.250109 0.540509 0.120009 0.123843
