1 0.254051 0.37717 0.162616 0.167101
4 0.093461 0.601128 0.176505 0.184462
0 0.775897 0.496202 0.130498 0.156467
7 0.471065 0.890625 0.140625 0.1875
4 0.253906 0.613498 0.164062 0.179688
0 0.656684 0.458442 0.139178 0.157335
6 0.617766 0.28852 0.122106 0.141276
2 0.474392 0.628364 0.157118 0.174262
7 0.319589 0.895399 0.157697 0.179253
0 0.888021 0.515516 0.119213 0.152561
3 0.610822 0.648438 0.147569 0.172309
5 0.477431 0.4375 0.139468 0.166667
5 0.496528 0.279622 0.137731 0.147352
11 0.763455 0.648763 0.049479 0.04579
11 0.753617 0.760417 0.049479 0.041233
