7 0.478299 0.390625 0.217014 0.132378
7 0.512008 0.662326 0.209201 0.105469
0 0.824508 0.494249 0.250868 0.119141
7 0.780382 0.30523 0.278935 0.174696
7 0.413484 0.745768 0.208333 0.123047
7 0.474248 0.541667 0.211227 0.09592
5 0.250579 0.621419 0.177662 0.117839
1 0.664497 0.804688 0.219039 0.101128
0 0.762442 0.65115 0.239583 0.118273
3 0.26794 0.34592 0.20544 0.171007
1 0.523582 0.213216 0.219618 0.133464
11 0.336806 0.301975 0.052662 0.042752
6 0.187645 0.459418 0.199942 0.147135
11 0.341869 0.223633 0.052373 0.044054
