11 0.484375 0.663773 0.036458 0.055556
11 0.435330 0.702546 0.042535 0.063657
10 0.623698 0.090278 0.176215 0.149306
4 0.210503 0.354745 0.195312 0.180556
4 0.322049 0.315394 0.072917 0.159722
4 0.371528 0.322917 0.060764 0.160880
4 0.420573 0.328704 0.058160 0.163194
4 0.470052 0.306713 0.056424 0.151620
4 0.527344 0.294560 0.073785 0.164352
4 0.586372 0.302662 0.061632 0.162037
4 0.651042 0.285880 0.079861 0.151620
0 0.199219 0.611690 0.191840 0.199074
0 0.319010 0.585069 0.073785 0.164352
0 0.375000 0.564815 0.074653 0.163194
0 0.425347 0.544560 0.078125 0.162037
0 0.482205 0.521991 0.065104 0.167824
0 0.539062 0.522569 0.076389 0.155093
0 0.597656 0.514468 0.059896 0.155093
0 0.650174 0.501736 0.062500 0.148148
