7 0.388780 0.576534 0.192925 0.234086
7 0.236220 0.763021 0.199870 0.234954
2 0.686740 0.238426 0.103950 0.207176
0 0.813260 0.776620 0.153863 0.211227
7 0.510634 0.333912 0.187066 0.236111
9 0.233615 0.252170 0.287109 0.340567
11 0.482313 0.456019 0.041016 0.055556
7 0.550022 0.774161 0.185113 0.203993
0 0.688260 0.834925 0.167752 0.224248
10 0.771159 0.475260 0.169488 0.245081
11 0.231879 0.483507 0.041884 0.056713
1 0.759115 0.142361 0.187500 0.236690
3 0.582791 0.155382 0.172960 0.250000
7 0.374349 0.850116 0.188368 0.231481
0 0.763129 0.898582 0.110894 0.121817
