7 0.867622 0.803964 0.193576 0.364873
7 0.735786 0.438223 0.153429 0.287905
7 0.879340 0.248843 0.134983 0.262153
5 0.339301 0.282118 0.165148 0.162616
5 0.364041 0.498264 0.166016 0.335648
7 0.732096 0.193432 0.148655 0.213831
11 0.703451 0.717448 0.059245 0.080729
7 0.882161 0.491319 0.154948 0.322338
6 0.564996 0.374277 0.178602 0.291956
11 0.419596 0.529948 0.058377 0.073785
11 0.429688 0.254196 0.051649 0.075521
11 0.939779 0.497685 0.061415 0.072338
7 0.679362 0.716580 0.171224 0.306424
11 0.554905 0.391204 0.060764 0.078704
11 0.704427 0.201968 0.052951 0.069444
5 0.385851 0.167824 0.146701 0.144676
6 0.538628 0.215856 0.136285 0.175926
