6 0.41059 0.209925 0.161024 0.24103
6 0.28049 0.293981 0.148655 0.219329
0 0.504449 0.448061 0.177734 0.24103
4 0.21875 0.495226 0.117622 0.213831
1 0.483507 0.775463 0.119792 0.225694
2 0.65549 0.777344 0.125217 0.230035
7 0.386502 0.53588 0.128472 0.220486
1 0.322374 0.705874 0.111762 0.218461
8 0.807075 0.478299 0.295573 0.350694
0 0.589735 0.216869 0.138238 0.282118
5 0.208116 0.781684 0.107205 0.194734
11 0.610894 0.571615 0.045139 0.050637
11 0.408854 0.778212 0.038628 0.052373
11 0.620768 0.36169 0.039714 0.053241
