1 0.141602 0.405237 0.232422 0.254919
6 0.727431 0.521267 0.173611 0.186053
2 0.814128 0.683594 0.136068 0.215567
4 0.595378 0.182436 0.140408 0.155382
3 0.356879 0.375145 0.174262 0.221354
0 0.779622 0.314381 0.120443 0.149595
5 0.569878 0.419705 0.131076 0.208044
3 0.517361 0.643808 0.231337 0.278935
11 0.495985 0.600116 0.051866 0.060764
11 0.887587 0.765625 0.046441 0.062500
11 0.016385 0.529803 0.032335 0.070023
11 0.396050 0.321470 0.045139 0.060764
3 0.869900 0.776476 0.169054 0.224826
6 0.685438 0.421875 0.111328 0.130208
11 0.785807 0.266638 0.033420 0.040799
11 0.555773 0.456019 0.041667 0.055556
7 0.099501 0.572772 0.198568 0.313368
2 0.236979 0.328704 0.151042 0.162616
4 0.544813 0.189236 0.090495 0.144676
11 0.763021 0.511719 0.035590 0.050637
