5 0.211372 0.561415 0.195891 0.097656
4 0.359664 0.872721 0.201389 0.112196
7 0.291956 0.326172 0.216435 0.134549
9 0.525029 0.184896 0.210938 0.194444
0 0.400463 0.781576 0.185764 0.107856
9 0.324797 0.142687 0.198206 0.205946
7 0.334346 0.440104 0.213252 0.111979
1 0.55599 0.597439 0.22309 0.111979
6 0.208189 0.670573 0.217882 0.144965
7 0.541377 0.415148 0.235532 0.140625
11 0.19864 0.18099 0.054688 0.042969
4 0.574653 0.880968 0.071181 0.103082
11 0.193721 0.23839 0.0489 0.03928
4 0.497106 0.882487 0.081597 0.103516
5 0.349826 0.543728 0.160301 0.085286
0 0.54485 0.745443 0.164352 0.092882
6 0.345341 0.669922 0.133391 0.107639
