6 0.512153 0.452799 0.251157 0.155165
7 0.404514 0.598307 0.23669 0.18967
7 0.728299 0.606662 0.289352 0.180773
0 0.150174 0.696398 0.171296 0.168837
7 0.226997 0.415907 0.176794 0.190321
7 0.607205 0.774306 0.215567 0.186198
5 0.453848 0.271267 0.268808 0.149306
7 0.791088 0.390516 0.269676 0.218533
11 0.476852 0.850586 0.061921 0.045356
6 0.507234 0.361762 0.240741 0.09158
11 0.710503 0.605577 0.061632 0.04579
10 0.462095 0.845161 0.226273 0.191189
0 0.223669 0.710503 0.086806 0.16276
0 0.316262 0.687391 0.125 0.162543
