4 0.827148 0.7011 0.136502 0.214699
0 0.775608 0.188223 0.202691 0.192419
7 0.634115 0.662326 0.150174 0.188079
5 0.387912 0.542535 0.125217 0.125
6 0.449219 0.665943 0.105903 0.143229
9 0.498806 0.15842 0.226345 0.282697
7 0.895182 0.43287 0.181424 0.270255
0 0.777778 0.319734 0.15408 0.140625
9 0.351562 0.295139 0.14974 0.314815
8 0.642904 0.85026 0.212457 0.188947
7 0.50944 0.367477 0.13737 0.163773
7 0.530056 0.53342 0.143446 0.187211
11 0.553602 0.1182 0.039497 0.062211
11 0.668294 0.447772 0.044488 0.055845
0 0.667752 0.423177 0.161458 0.187211
4 0.748806 0.688802 0.101345 0.224248
11 0.867188 0.730903 0.043403 0.055556
11 0.524089 0.519965 0.031684 0.043403
11 0.496094 0.356481 0.039062 0.056713
0 0.700846 0.361979 0.168186 0.183449
6 0.402127 0.634549 0.11849 0.08912
