7 0.302626 0.356047 0.143446 0.262442
7 0.602648 0.331163 0.13151 0.25434
7 0.459418 0.343027 0.13151 0.264757
7 0.118924 0.375289 0.150174 0.292245
0 0.726345 0.619792 0.09158 0.265046
7 0.746636 0.361111 0.130859 0.273727
4 0.819661 0.603877 0.101562 0.241319
4 0.492622 0.627459 0.104167 0.249132
7 0.867405 0.303964 0.122396 0.27228
11 0.397135 0.530527 0.041233 0.057581
4 0.391168 0.649016 0.140842 0.253472
0 0.581055 0.612558 0.113064 0.273148
11 0.399957 0.440972 0.048177 0.08044
11 0.309245 0.553819 0.051649 0.064236
11 0.689345 0.333478 0.051432 0.056424
0 0.666233 0.623843 0.110243 0.262731
11 0.580295 0.344329 0.037326 0.06713
