0 0.476273 0.881944 0.245949 0.174045
4 0.144821 0.782878 0.220775 0.22895
5 0.237847 0.088216 0.253472 0.152995
7 0.607928 0.541233 0.26331 0.119358
4 0.290799 0.474609 0.278356 0.111111
7 0.606481 0.382595 0.25 0.151042
6 0.207755 0.245226 0.344907 0.194444
0 0.546875 0.713759 0.228009 0.116319
5 0.4511 0.099284 0.159722 0.122613
4 0.240741 0.632812 0.303241 0.16276
4 0.264178 0.372613 0.288194 0.104167
11 0.310909 0.0676 0.059317 0.047526
11 0.421875 0.620985 0.066551 0.047526
0 0.532263 0.787001 0.250289 0.137804
4 0.271846 0.724609 0.149016 0.18533
4 0.27228 0.563043 0.280093 0.111762
6 0.406684 0.226237 0.216146 0.135634
