4 0.215278 0.587999 0.145255 0.177734
1 0.186777 0.355035 0.154803 0.165799
0 0.617332 0.392904 0.147859 0.167318
4 0.071181 0.589627 0.135995 0.181424
0 0.760561 0.418294 0.140914 0.161675
0 0.895833 0.430773 0.147569 0.160156
6 0.556713 0.21582 0.146412 0.152561
5 0.415799 0.394206 0.144676 0.165582
2 0.444155 0.587891 0.16088 0.179688
7 0.466001 0.841688 0.16059 0.182509
3 0.587674 0.598307 0.155671 0.170573
7 0.314959 0.85178 0.162905 0.181424
11 0.754196 0.58572 0.051794 0.039062
11 0.753617 0.701389 0.054688 0.038194
5 0.414931 0.22168 0.154514 0.16645
