11 0.694444 0.480035 0.075231 0.046875
11 0.728009 0.31684 0.075231 0.059028
1 0.481481 0.506076 0.311343 0.144097
1 0.266204 0.485243 0.207176 0.154514
2 0.275463 0.3125 0.21412 0.154514
2 0.489583 0.331597 0.329861 0.184028
3 0.480903 0.143663 0.342593 0.19184
3 0.264468 0.127604 0.231481 0.171875
6 0.599537 0.654948 0.320602 0.181424
6 0.376157 0.691406 0.177083 0.165799
6 0.237269 0.711806 0.146991 0.157986
5 0.280671 0.862847 0.171296 0.163194
5 0.454282 0.859375 0.180556 0.171875
5 0.646412 0.840712 0.31713 0.195312
