4 0.161603 0.63737 0.272859 0.151042
6 0.617766 0.585938 0.252315 0.128038
2 0.784867 0.293186 0.216725 0.111111
0 0.201244 0.824653 0.313368 0.193576
7 0.543258 0.736328 0.254919 0.138455
7 0.841869 0.732747 0.248553 0.1352
4 0.169994 0.227431 0.25897 0.115451
5 0.620515 0.455404 0.261863 0.119575
10 0.480469 0.313911 0.231192 0.121311
5 0.632812 0.170898 0.24537 0.107856
5 0.340856 0.464301 0.282986 0.123047
11 0.869213 0.588325 0.063079 0.044271
11 0.246094 0.345161 0.067419 0.042318
3 0.876013 0.433051 0.247396 0.162977
