0 0.455584 0.347873 0.21441 0.147569
2 0.54673 0.452582 0.213831 0.106988
5 0.300781 0.43674 0.213831 0.133898
0 0.486979 0.249023 0.208333 0.075738
7 0.201244 0.347114 0.197049 0.13737
4 0.440972 0.680556 0.157986 0.147569
6 0.183304 0.633247 0.149595 0.141493
11 0.180266 0.505208 0.052083 0.036024
3 0.606192 0.582031 0.212384 0.168837
11 0.333912 0.56174 0.046875 0.041884
7 0.29456 0.783529 0.210648 0.127387
11 0.51114 0.310004 0.047743 0.050998
11 0.65842 0.754774 0.051215 0.047309
7 0.645833 0.768989 0.216435 0.149523
11 0.273582 0.775174 0.049479 0.035156
11 0.636863 0.580838 0.048032 0.038845
11 0.239439 0.335286 0.043692 0.031684
6 0.275608 0.612305 0.106192 0.130859
7 0.370226 0.54286 0.188947 0.092231
3 0.602575 0.511176 0.198785 0.084852
0 0.539207 0.318142 0.110822 0.105903
0 0.454861 0.201497 0.175926 0.127387
4 0.536169 0.657227 0.110532 0.124783
