0 0.590386 0.494068 0.181641 0.23235
0 0.698676 0.557581 0.088325 0.228588
5 0.487739 0.300781 0.147352 0.264178
7 0.600043 0.173177 0.190538 0.249132
2 0.469184 0.583478 0.110243 0.237558
4 0.247938 0.445312 0.132161 0.153935
6 0.281684 0.156973 0.140625 0.184896
11 0.407878 0.157118 0.041016 0.059028
3 0.342773 0.626736 0.160373 0.21875
11 0.157661 0.266059 0.041884 0.05353
7 0.37576 0.377604 0.094835 0.199074
11 0.621636 0.569878 0.055773 0.065104
0 0.782227 0.519965 0.130859 0.232639
0 0.614583 0.592303 0.131076 0.149306
3 0.401584 0.632523 0.092231 0.197338
11 0.338325 0.658854 0.031684 0.041088
11 0.188585 0.652344 0.031684 0.044271
11 0.354167 0.341869 0.034288 0.046007
11 0.607747 0.230613 0.039714 0.053241
7 0.182834 0.644097 0.124783 0.188079
7 0.148872 0.283131 0.110243 0.221933
6 0.30306 0.271412 0.125651 0.121528
4 0.262261 0.557147 0.124783 0.100405
