0 0.405816 0.337674 0.119792 0.228588
0 0.282552 0.369068 0.133247 0.228877
2 0.454427 0.778646 0.094618 0.184028
0 0.178711 0.714844 0.159071 0.201678
2 0.489583 0.568576 0.107639 0.197338
0 0.214627 0.546586 0.149306 0.206597
5 0.740994 0.6114 0.113498 0.199653
1 0.34668 0.799334 0.116102 0.203414
3 0.569336 0.786458 0.094401 0.197338
2 0.611545 0.58261 0.121528 0.208623
7 0.537001 0.341725 0.098741 0.219907
1 0.385525 0.580006 0.136068 0.224248
9 0.76378 0.847656 0.186415 0.17853
6 0.849501 0.621528 0.109592 0.195023
11 0.686849 0.429253 0.036458 0.050058
11 0.618815 0.408709 0.039714 0.052951
