4 0.341001 0.210286 0.285012 0.171007
4 0.324942 0.482856 0.282407 0.149306
4 0.378762 0.624132 0.274306 0.157118
4 0.166956 0.797092 0.277199 0.162326
0 0.203848 0.659614 0.282118 0.126953
0 0.405527 0.775174 0.28559 0.176215
0 0.426505 0.903971 0.28588 0.162977
3 0.58044 0.660048 0.248264 0.149957
1 0.591435 0.457465 0.231481 0.123698
5 0.780382 0.520291 0.219907 0.130859
5 0.824219 0.655707 0.230613 0.132161
6 0.785735 0.782335 0.230613 0.140625
7 0.825087 0.426215 0.221933 0.113715
7 0.760995 0.266168 0.216435 0.105252
2 0.594039 0.336806 0.231481 0.112413
