4 0.732639 0.342014 0.137153 0.303241
4 0.851562 0.341435 0.097222 0.297454
0 0.726997 0.685764 0.124132 0.270833
0 0.837240 0.693287 0.092882 0.269676
7 0.533854 0.281829 0.144097 0.321759
7 0.400608 0.212963 0.171007 0.320602
7 0.231771 0.205440 0.206597 0.324074
7 0.151042 0.436343 0.175347 0.297454
7 0.319010 0.486111 0.143229 0.283565
7 0.443142 0.505787 0.122396 0.281250
7 0.574219 0.562500 0.148438 0.267361
7 0.148438 0.689815 0.178819 0.258102
7 0.302951 0.764468 0.130208 0.277778
7 0.442274 0.782407 0.132812 0.274306
7 0.561198 0.817708 0.131076 0.254630
