7 0.243924 0.797743 0.223090 0.190972
7 0.439562 0.808449 0.176432 0.188657
7 0.239366 0.618490 0.226997 0.219618
7 0.237739 0.390336 0.227648 0.229745
5 0.686957 0.658854 0.166016 0.107639
5 0.675564 0.541956 0.188368 0.148148
7 0.450087 0.639757 0.202257 0.173611
6 0.655273 0.880208 0.198134 0.189815
11 0.405599 0.227865 0.047743 0.056424
11 0.612305 0.267072 0.041450 0.058449
7 0.463759 0.458912 0.196181 0.186343
11 0.464193 0.486256 0.053385 0.067998
6 0.676649 0.776620 0.176215 0.133102
11 0.693576 0.514468 0.046875 0.057870
11 0.451823 0.672454 0.040799 0.061343
