11 0.600694 0.228299 0.053241 0.03559
11 0.313657 0.305556 0.050926 0.046007
11 0.454282 0.711806 0.077546 0.052951
11 0.332176 0.737413 0.076389 0.053819
11 0.103009 0.688802 0.083333 0.060764
2 0.609375 0.603299 0.295139 0.150174
2 0.690972 0.543837 0.259259 0.123264
3 0.711227 0.680122 0.28125 0.137153
1 0.565972 0.455729 0.275463 0.125868
1 0.684028 0.419705 0.24537 0.098958
9 0.457176 0.182292 0.203704 0.179688
9 0.151042 0.252604 0.246528 0.212674
10 0.600116 0.322917 0.237269 0.101562
8 0.228009 0.532118 0.324074 0.301215
