5 0.529948 0.190249 0.133681 0.287905
3 0.684462 0.500868 0.169705 0.237847
7 0.355469 0.454861 0.115451 0.258681
1 0.182075 0.713976 0.108941 0.260127
7 0.367622 0.17853 0.122396 0.287616
1 0.527561 0.484664 0.146701 0.291088
3 0.599718 0.833189 0.17513 0.244502
0 0.190321 0.471933 0.110243 0.240162
6 0.703451 0.215133 0.171224 0.3261
2 0.271918 0.737847 0.111979 0.23669
3 0.386936 0.765191 0.126736 0.242188
0 0.183051 0.157841 0.102214 0.101562
0 0.194987 0.322917 0.098307 0.091435
0 0.191189 0.241609 0.102865 0.081597
