11 0.515625 0.336227 0.036458 0.055556
11 0.56467 0.297454 0.042535 0.063657
10 0.376302 0.909722 0.176215 0.149306
4 0.789497 0.645255 0.195312 0.180556
4 0.677951 0.684606 0.072917 0.159722
4 0.628472 0.677083 0.060764 0.16088
4 0.579427 0.671296 0.05816 0.163194
4 0.529948 0.693287 0.056424 0.15162
4 0.472656 0.70544 0.073785 0.164352
4 0.413628 0.697338 0.061632 0.162037
4 0.348958 0.71412 0.079861 0.15162
0 0.800781 0.38831 0.19184 0.199074
0 0.68099 0.414931 0.073785 0.164352
0 0.625 0.435185 0.074653 0.163194
0 0.574653 0.45544 0.078125 0.162037
0 0.517795 0.478009 0.065104 0.167824
0 0.460938 0.477431 0.076389 0.155093
0 0.402344 0.485532 0.059896 0.155093
0 0.349826 0.498264 0.0625 0.148148
