6 0.166088 0.801649 0.284722 0.148438
6 0.237847 0.726997 0.252315 0.106771
6 0.255787 0.670573 0.255787 0.103299
5 0.259838 0.555122 0.275463 0.117188
5 0.227431 0.468316 0.303241 0.184896
10 0.150463 0.321615 0.295139 0.186632
11 0.423032 0.581163 0.05787 0.049479
11 0.450231 0.62283 0.063657 0.040799
11 0.895255 0.56901 0.071759 0.047743
11 0.891782 0.394965 0.069444 0.052083
3 0.65625 0.601562 0.271991 0.140625
2 0.565394 0.459201 0.282407 0.145833
2 0.652778 0.400174 0.248843 0.128472
1 0.450231 0.277778 0.292824 0.210069
1 0.597801 0.278212 0.25463 0.177951
