7 0.569553 0.76114 0.134766 0.282118
0 0.893772 0.214699 0.169922 0.335648
0 0.876845 0.531684 0.156467 0.0761
7 0.707899 0.805845 0.140191 0.289931
4 0.702365 0.387442 0.14388 0.106481
5 0.537435 0.162471 0.142144 0.297164
0 0.879015 0.437645 0.158203 0.121238
6 0.369575 0.232494 0.125 0.280382
7 0.442166 0.765046 0.125651 0.262731
4 0.70855 0.510417 0.143663 0.138889
7 0.863498 0.80136 0.170139 0.315104
9 0.157661 0.350405 0.212023 0.222801
11 0.311632 0.465133 0.045573 0.061053
4 0.72678 0.174334 0.169271 0.308738
7 0.32704 0.733941 0.115017 0.248553
11 0.363932 0.428096 0.039062 0.058738
8 0.144748 0.627315 0.204861 0.224537
