0 0.188947 0.256402 0.286458 0.166884
4 0.815972 0.305122 0.211806 0.12066
7 0.493056 0.330621 0.247106 0.129123
7 0.213252 0.437717 0.270255 0.148872
7 0.812355 0.629449 0.207465 0.161241
6 0.624421 0.756727 0.236111 0.097656
6 0.387442 0.760742 0.244792 0.107856
7 0.530093 0.612305 0.269676 0.186415
7 0.237413 0.616102 0.253183 0.161458
7 0.650463 0.495551 0.240741 0.1352
11 0.468895 0.183268 0.063947 0.054036
11 0.840567 0.417318 0.061343 0.041233
11 0.453704 0.469293 0.05787 0.039714
11 0.662616 0.228516 0.056134 0.041667
11 0.40191 0.669705 0.056134 0.03776
