6 0.594618 0.416522 0.111979 0.230035
0 0.791775 0.798466 0.156467 0.285012
2 0.305339 0.213542 0.128906 0.23206
4 0.634657 0.828848 0.127387 0.246238
7 0.728082 0.497541 0.130642 0.239294
5 0.477648 0.665943 0.119358 0.264757
4 0.238281 0.826244 0.125868 0.249132
5 0.472331 0.399884 0.116536 0.241319
11 0.60612 0.177807 0.037326 0.054109
10 0.327365 0.519242 0.132161 0.22309
5 0.167209 0.349103 0.123481 0.253762
7 0.725477 0.228588 0.121528 0.225694
11 0.363607 0.754196 0.043186 0.063947
3 0.453885 0.144242 0.166884 0.233507
