4 0.713252 0.629991 0.185185 0.181424
1 0.273293 0.629015 0.239873 0.16428
7 0.786892 0.33865 0.231192 0.121311
6 0.567998 0.401042 0.218171 0.120226
1 0.189381 0.466254 0.220197 0.115234
7 0.810909 0.449653 0.253183 0.107205
5 0.395399 0.519206 0.142072 0.10612
7 0.885995 0.56901 0.212963 0.152778
0 0.64048 0.229709 0.127604 0.110026
0 0.512153 0.292101 0.17419 0.098524
7 0.803241 0.215061 0.20081 0.105903
7 0.287616 0.291667 0.183449 0.119358
4 0.544416 0.6977 0.189525 0.166667
7 0.416233 0.199761 0.216146 0.090061
11 0.574074 0.619792 0.060764 0.042101
11 0.243924 0.66276 0.064236 0.043837
6 0.420718 0.408637 0.14294 0.111545
11 0.796875 0.313694 0.048032 0.035373
11 0.495949 0.269857 0.04456 0.028863
11 0.405237 0.213759 0.046007 0.02908
0 0.555411 0.255208 0.114294 0.103299
4 0.583478 0.653971 0.135127 0.179036
2 0.224103 0.376411 0.221933 0.087023
5 0.542101 0.488498 0.225405 0.110677
