7 0.700304 0.804832 0.123698 0.239294
7 0.519206 0.882089 0.167752 0.234086
2 0.715169 0.639178 0.132161 0.243056
1 0.638238 0.435764 0.161024 0.267361
3 0.501736 0.437066 0.139323 0.263021
5 0.429145 0.697049 0.17296 0.256944
5 0.3074 0.842593 0.130859 0.225116
6 0.17003 0.835648 0.120443 0.219907
0 0.248589 0.60272 0.198568 0.231481
0 0.229492 0.460793 0.19987 0.212095
0 0.370226 0.409433 0.163194 0.270833
4 0.206163 0.182726 0.145399 0.269965
4 0.482747 0.218316 0.155165 0.281539
4 0.629991 0.199074 0.209201 0.216435
4 0.854167 0.410301 0.21441 0.260417
