5 0.546875 0.681568 0.092882 0.133970
9 0.216580 0.525463 0.241753 0.184028
9 0.209418 0.721644 0.238281 0.182292
4 0.880425 0.711950 0.101128 0.176215
0 0.773438 0.633102 0.105469 0.173032
1 0.633247 0.506655 0.115885 0.212963
7 0.426432 0.610822 0.095486 0.108218
7 0.429470 0.517216 0.105469 0.091146
6 0.627930 0.856192 0.112196 0.192708
11 0.186740 0.874132 0.049262 0.060764
6 0.642470 0.695747 0.106988 0.126447
5 0.534722 0.842593 0.107639 0.194444
4 0.889757 0.573785 0.088542 0.087963
7 0.423937 0.764612 0.105252 0.212674
0 0.770942 0.495660 0.091797 0.081597
4 0.893555 0.497541 0.094401 0.077257
11 0.248806 0.879774 0.039714 0.055266
