0 0.16428 0.673466 0.196181 0.247975
1 0.419271 0.526186 0.119358 0.237558
0 0.444661 0.287037 0.121962 0.20081
1 0.372396 0.775608 0.12934 0.238137
2 0.496202 0.750145 0.11697 0.230613
0 0.226888 0.481626 0.154731 0.238137
2 0.527561 0.523148 0.107205 0.207755
7 0.572591 0.302662 0.099175 0.202546
9 0.816189 0.832031 0.174045 0.213252
2 0.645833 0.545284 0.100694 0.199942
0 0.313043 0.303819 0.150825 0.211227
3 0.610352 0.762731 0.098307 0.228009
6 0.866753 0.591869 0.097222 0.197627
5 0.769857 0.578848 0.097873 0.208044
11 0.649197 0.37066 0.033637 0.046875
11 0.710938 0.393519 0.036892 0.04919
