0 0.433485 0.565972 0.136502 0.241898
4 0.744358 0.618779 0.124566 0.224826
2 0.359701 0.251591 0.087891 0.2011
1 0.65549 0.354311 0.123047 0.227141
0 0.33572 0.727286 0.088108 0.202836
6 0.619792 0.803964 0.145399 0.228877
5 0.825846 0.290654 0.137804 0.242188
1 0.496094 0.266782 0.125 0.231481
7 0.553928 0.519676 0.118707 0.21875
6 0.47526 0.809606 0.118056 0.228588
11 0.359918 0.434028 0.044922 0.045139
11 0.563477 0.273148 0.042318 0.050347
8 0.229167 0.467882 0.167969 0.27662
11 0.326172 0.605613 0.038194 0.045718
