2 0.168547 0.705512 0.206887 0.135417
0 0.737703 0.169813 0.2989 0.183811
4 0.782118 0.343099 0.297454 0.15842
6 0.354745 0.405273 0.223958 0.120443
4 0.781395 0.799696 0.296007 0.161458
7 0.178241 0.278971 0.196759 0.126519
7 0.429109 0.262912 0.23669 0.143446
5 0.607639 0.52691 0.247685 0.141059
5 0.293692 0.849392 0.240162 0.124566
10 0.458912 0.691298 0.22338 0.142578
5 0.339699 0.532769 0.208912 0.131944
11 0.695747 0.652995 0.065683 0.052083
11 0.136574 0.405382 0.049769 0.035156
3 0.108652 0.555013 0.210359 0.172092
