1 0.394821 0.602431 0.175058 0.155816
0 0.149595 0.606011 0.150463 0.126953
7 0.273293 0.305122 0.167535 0.140191
9 0.709057 0.121636 0.287905 0.231554
11 0.604601 0.233615 0.054109 0.041884
7 0.564815 0.623589 0.21412 0.186415
0 0.20761 0.420573 0.13397 0.139757
7 0.464988 0.778429 0.210648 0.152344
3 0.364149 0.456489 0.190104 0.121311
7 0.279369 0.721029 0.166956 0.156033
8 0.733507 0.736762 0.334491 0.252604
10 0.618779 0.403971 0.225405 0.162977
0 0.108218 0.473524 0.107639 0.140625
2 0.313368 0.541884 0.115741 0.099392
0 0.146123 0.438043 0.067708 0.133898
11 0.209491 0.446181 0.042245 0.030816
11 0.324074 0.453234 0.039352 0.035807
