9 0.522135 0.759549 0.213831 0.250434
8 0.809172 0.643989 0.234086 0.256727
8 0.731771 0.355686 0.275463 0.276476
1 0.429832 0.435004 0.250289 0.134766
1 0.314815 0.475152 0.231481 0.11697
2 0.412905 0.294813 0.246528 0.13954
2 0.333044 0.354709 0.227431 0.116102
3 0.339988 0.227865 0.239005 0.118924
10 0.378906 0.581272 0.2364 0.123481
11 0.358218 0.70204 0.059028 0.042535
11 0.553819 0.196723 0.060185 0.045356
11 0.652054 0.174588 0.060475 0.042318
11 0.833044 0.207031 0.065394 0.049045
11 0.667679 0.584527 0.059317 0.050998
