6 0.717014 0.478516 0.252315 0.134549
4 0.726562 0.766819 0.222222 0.1148
9 0.610677 0.212565 0.2364 0.288845
0 0.687066 0.866645 0.242188 0.11046
7 0.282263 0.831597 0.206308 0.12066
7 0.242043 0.527886 0.215567 0.105252
0 0.532118 0.850911 0.092014 0.086806
7 0.256944 0.733507 0.20544 0.101562
5 0.754485 0.634874 0.264178 0.11046
7 0.24537 0.415365 0.216435 0.114583
11 0.493634 0.412869 0.056713 0.049696
7 0.267216 0.634983 0.220775 0.107639
4 0.567853 0.744141 0.080729 0.097656
11 0.528501 0.468316 0.050637 0.039062
4 0.474826 0.744358 0.096065 0.099826
0 0.468027 0.84375 0.047164 0.090712
8 0.314091 0.187934 0.226562 0.280382
