0 0.87037 0.658312 0.199074 0.156033
4 0.478588 0.793294 0.214699 0.133898
7 0.418837 0.62207 0.202257 0.130425
5 0.416667 0.359918 0.173611 0.152995
9 0.838108 0.424045 0.285012 0.203125
7 0.643953 0.454644 0.187789 0.159288
0 0.734954 0.62576 0.142361 0.142144
7 0.726997 0.780707 0.190683 0.107422
8 0.232928 0.660265 0.273148 0.205512
9 0.65162 0.289497 0.303241 0.185764
6 0.320602 0.435004 0.15625 0.111762
7 0.49783 0.512153 0.21441 0.12934
6 0.32827 0.387044 0.122975 0.135634
0 0.783565 0.675564 0.111111 0.099392
0 0.634983 0.614583 0.114294 0.147135
11 0.641927 0.615451 0.047164 0.03342
11 0.477286 0.826714 0.050637 0.034071
11 0.516204 0.495443 0.043403 0.03342
11 0.66088 0.450846 0.043403 0.035373
4 0.460503 0.738932 0.188368 0.085069
11 0.88151 0.468424 0.050637 0.034939
