7 0.655382 0.516385 0.252315 0.151259
7 0.240596 0.594293 0.238137 0.176866
7 0.193287 0.361654 0.226273 0.145182
7 0.699942 0.644314 0.248264 0.161458
7 0.448061 0.633464 0.257234 0.152778
7 0.697627 0.247287 0.208912 0.128689
7 0.266348 0.192925 0.213831 0.12717
5 0.408565 0.427517 0.203704 0.153212
0 0.571036 0.341037 0.215567 0.127821
7 0.517216 0.134223 0.194155 0.127387
9 0.848814 0.422743 0.274016 0.204427
10 0.287616 0.776693 0.277199 0.19401
2 0.448785 0.228082 0.214699 0.115017
11 0.096788 0.244683 0.045428 0.042752
