6 0.455187 0.556568 0.13954 0.195891
0 0.210286 0.529369 0.170139 0.172743
7 0.135634 0.340133 0.182726 0.246817
4 0.703885 0.388455 0.193793 0.17853
5 0.56326 0.561053 0.123915 0.20544
7 0.486654 0.298611 0.135634 0.28125
2 0.476128 0.83941 0.103733 0.152199
7 0.357313 0.831163 0.143446 0.151331
1 0.713867 0.740741 0.130425 0.170139
7 0.21951 0.748987 0.157769 0.168113
7 0.625543 0.20978 0.193793 0.248264
7 0.336806 0.346788 0.163194 0.263021
0 0.325521 0.623119 0.095052 0.179109
4 0.774306 0.519531 0.150174 0.175058
11 0.300347 0.344329 0.050347 0.0625
11 0.751845 0.759983 0.039714 0.047743
11 0.701172 0.512008 0.032552 0.051794
11 0.30447 0.664641 0.03342 0.048032
11 0.246311 0.75897 0.032552 0.045718
1 0.560872 0.846209 0.129991 0.153067
5 0.598307 0.686921 0.116753 0.109954
6 0.482096 0.685619 0.104818 0.136285
4 0.722331 0.491898 0.165582 0.135995
0 0.262261 0.596499 0.124783 0.153067
