8 0.815828 0.18457 0.295428 0.310981
10 0.48235 0.1824 0.289352 0.167318
11 0.547598 0.292209 0.081887 0.050564
7 0.213542 0.315321 0.243634 0.151042
7 0.562066 0.43826 0.294271 0.145616
7 0.859375 0.439996 0.28125 0.147352
0 0.834635 0.637804 0.330729 0.171441
0 0.78805 0.730252 0.280961 0.107639
0 0.781973 0.807075 0.283275 0.096788
0 0.807436 0.897135 0.312211 0.101128
3 0.456019 0.604058 0.274884 0.135634
1 0.453559 0.744249 0.263021 0.144748
1 0.454716 0.850586 0.269965 0.100477
5 0.153935 0.700412 0.237269 0.13303
5 0.139468 0.611871 0.240162 0.093099
6 0.128617 0.509223 0.237558 0.143012
