5 0.640046 0.683919 0.282986 0.14605
0 0.599392 0.147786 0.281539 0.161458
6 0.628472 0.526584 0.313657 0.155599
4 0.323785 0.400065 0.076968 0.123915
4 0.448929 0.374023 0.085938 0.129991
4 0.768808 0.351128 0.322338 0.158854
7 0.661169 0.855035 0.322338 0.167969
5 0.427951 0.710938 0.124421 0.129774
4 0.520978 0.376302 0.051794 0.126302
11 0.57147 0.702365 0.073495 0.05013
6 0.430266 0.567925 0.145833 0.157986
4 0.386863 0.395074 0.054977 0.126085
0 0.405382 0.185872 0.101273 0.141276
4 0.579282 0.367079 0.065394 0.131293
0 0.323495 0.195312 0.079861 0.135417
11 0.695312 0.8648 0.076968 0.0625
7 0.454427 0.890734 0.15191 0.154731
