0 0.2449 0.553385 0.138238 0.282118
2 0.599501 0.469907 0.109158 0.22338
0 0.247396 0.376447 0.12934 0.103009
7 0.135417 0.809751 0.158854 0.293113
1 0.495443 0.464988 0.110243 0.240741
7 0.101562 0.471209 0.144965 0.271123
4 0.382921 0.653356 0.119141 0.251157
5 0.813911 0.436777 0.081814 0.120081
5 0.815538 0.596499 0.082899 0.22309
4 0.378147 0.483652 0.11046 0.087095
4 0.379449 0.400029 0.111762 0.087095
6 0.892687 0.583623 0.078776 0.201389
3 0.696506 0.49566 0.090929 0.222222
11 0.498698 0.616319 0.036458 0.054977
6 0.896593 0.445602 0.072266 0.076968
