6 0.303096 0.587457 0.221933 0.121528
0 0.438368 0.158963 0.090278 0.115668
7 0.750579 0.390299 0.261574 0.119141
0 0.279803 0.166884 0.23669 0.119358
7 0.772135 0.262478 0.260127 0.129557
9 0.415799 0.810655 0.216435 0.240668
4 0.411603 0.296549 0.085359 0.115668
4 0.255642 0.290365 0.217303 0.119792
7 0.778067 0.511502 0.259838 0.124566
4 0.508536 0.283095 0.108507 0.118273
7 0.741753 0.136393 0.265914 0.139106
5 0.248698 0.43674 0.236979 0.119575
7 0.766638 0.631619 0.254919 0.125217
0 0.512008 0.155707 0.058738 0.119575
11 0.502025 0.642687 0.056713 0.04796
11 0.46658 0.590712 0.050058 0.041233
8 0.683883 0.840712 0.225984 0.232639
