1 0.548069 0.532697 0.179036 0.244213
0 0.550673 0.874421 0.153863 0.250579
7 0.568468 0.323061 0.174262 0.2364
7 0.235569 0.667824 0.134766 0.217014
7 0.755968 0.445023 0.190755 0.273727
7 0.698134 0.704572 0.19184 0.258102
3 0.391602 0.570023 0.130425 0.250579
0 0.357964 0.857494 0.148655 0.11603
9 0.143772 0.205729 0.165148 0.269676
8 0.689128 0.15162 0.264974 0.303241
10 0.361762 0.280237 0.135851 0.228299
11 0.214193 0.291522 0.039062 0.05353
11 0.358615 0.762008 0.057509 0.077257
11 0.3801 0.603009 0.04362 0.060764
0 0.345595 0.773293 0.152127 0.190683
0 0.382595 0.929253 0.175347 0.136285
2 0.47526 0.628617 0.116753 0.159433
