7 0.481192 0.643663 0.248264 0.136719
0 0.810475 0.437283 0.255208 0.118924
5 0.185909 0.620443 0.219039 0.142795
7 0.448351 0.506402 0.217303 0.126519
7 0.743634 0.274306 0.250579 0.13151
7 0.469329 0.359266 0.229167 0.125651
6 0.163339 0.43533 0.219039 0.159722
7 0.356916 0.771701 0.251447 0.142795
1 0.667824 0.822917 0.275463 0.148438
1 0.51577 0.216363 0.192998 0.086372
3 0.261574 0.327365 0.199074 0.162109
0 0.772425 0.61339 0.252025 0.155165
11 0.338686 0.288845 0.048322 0.030382
11 0.354022 0.227214 0.050058 0.036024
