4 0.286892 0.616898 0.125868 0.237269
4 0.205729 0.600694 0.107639 0.218750
0 0.323351 0.353009 0.120660 0.181713
0 0.251302 0.344329 0.084201 0.182870
7 0.444878 0.439815 0.108507 0.202546
7 0.471788 0.250000 0.113715 0.165509
7 0.571615 0.271412 0.099826 0.210648
7 0.686632 0.298611 0.111111 0.207176
7 0.825521 0.350694 0.149306 0.225694
7 0.815972 0.572917 0.175347 0.265046
7 0.653646 0.515625 0.125000 0.229167
7 0.541233 0.488426 0.101562 0.218750
7 0.562066 0.748843 0.139757 0.295139
7 0.723090 0.773727 0.194444 0.321759
7 0.440972 0.678241 0.156250 0.278935
