0 0.736111 0.658999 0.12717 0.223669
5 0.265734 0.406684 0.114366 0.221354
7 0.480143 0.680845 0.10612 0.207176
0 0.817708 0.474103 0.142361 0.2364
2 0.529188 0.452546 0.115234 0.202546
1 0.631402 0.444734 0.120009 0.226273
2 0.570421 0.22526 0.118707 0.217303
1 0.690104 0.198206 0.127604 0.240162
2 0.400065 0.44401 0.123047 0.218461
9 0.222222 0.138889 0.215712 0.219329
3 0.444336 0.210069 0.109158 0.230324
0 0.866102 0.298466 0.178819 0.215567
6 0.148655 0.402199 0.130642 0.23206
0 0.614258 0.679398 0.131727 0.211806
11 0.399631 0.620081 0.038411 0.050347
11 0.329861 0.601562 0.038194 0.048611
