9 0.28559 0.174262 0.230324 0.207465
9 0.48235 0.188694 0.203125 0.202474
5 0.159433 0.505208 0.236111 0.11849
1 0.532552 0.588542 0.198785 0.111545
4 0.338831 0.906793 0.186921 0.111328
4 0.565538 0.879666 0.076678 0.098741
7 0.244647 0.382595 0.239873 0.098958
0 0.418837 0.760417 0.214988 0.115451
7 0.411024 0.382595 0.100984 0.101562
4 0.482205 0.887695 0.090567 0.109592
6 0.34158 0.620117 0.14265 0.118273
5 0.349537 0.511719 0.144676 0.106771
0 0.556858 0.738715 0.082465 0.106771
11 0.118779 0.202148 0.054109 0.044922
7 0.503617 0.38227 0.08478 0.11046
6 0.150897 0.617296 0.242766 0.115234
11 0.125145 0.13737 0.062789 0.050347
