7 0.641602 0.504919 0.130859 0.238426
7 0.353624 0.488715 0.129991 0.245949
7 0.703451 0.790509 0.136936 0.253472
5 0.396701 0.195891 0.15625 0.231481
7 0.236762 0.35055 0.165365 0.261285
7 0.491211 0.47309 0.102648 0.216435
6 0.583333 0.184896 0.158854 0.207755
0 0.369575 0.777633 0.135417 0.263021
0 0.53635 0.838252 0.123915 0.228009
1 0.166124 0.660446 0.13737 0.261863
1 0.773112 0.564236 0.106554 0.212963
3 0.676107 0.298466 0.135634 0.213252
11 0.716797 0.380642 0.03342 0.05353
11 0.777235 0.405237 0.034071 0.045428
