6 0.198351 0.166088 0.148438 0.284722
6 0.273003 0.237847 0.106771 0.252315
6 0.329427 0.255787 0.103299 0.255787
5 0.444878 0.259838 0.117188 0.275463
5 0.531684 0.227431 0.184896 0.303241
10 0.678385 0.150463 0.186632 0.295139
11 0.418837 0.423032 0.049479 0.05787
11 0.37717 0.450231 0.040799 0.063657
11 0.43099 0.895255 0.047743 0.071759
11 0.605035 0.891782 0.052083 0.069444
3 0.398438 0.65625 0.140625 0.271991
2 0.540799 0.565394 0.145833 0.282407
2 0.599826 0.652778 0.128472 0.248843
1 0.722222 0.450231 0.210069 0.292824
1 0.721788 0.597801 0.177951 0.25463
