0 0.263889 0.341001 0.12717 0.223669
5 0.734266 0.593316 0.114366 0.221354
7 0.519857 0.319155 0.10612 0.207176
0 0.182292 0.525897 0.142361 0.2364
2 0.470812 0.547454 0.115234 0.202546
1 0.368598 0.555266 0.120009 0.226273
2 0.429579 0.77474 0.118707 0.217303
1 0.309896 0.801794 0.127604 0.240162
2 0.599935 0.55599 0.123047 0.218461
9 0.777778 0.861111 0.215712 0.219329
3 0.555664 0.789931 0.109158 0.230324
0 0.133898 0.701534 0.178819 0.215567
6 0.851345 0.597801 0.130642 0.23206
0 0.385742 0.320602 0.131727 0.211806
11 0.600369 0.379919 0.038411 0.050347
11 0.670139 0.398438 0.038194 0.048611
