0 0.234918 0.248553 0.199002 0.234375
7 0.280924 0.717737 0.169922 0.170428
7 0.60753 0.353443 0.241102 0.233507
6 0.565755 0.647569 0.140625 0.231481
5 0.757378 0.605613 0.15408 0.265625
0 0.293837 0.444878 0.176215 0.197627
7 0.416558 0.545428 0.188151 0.206019
7 0.634874 0.865451 0.184679 0.171296
7 0.444878 0.799913 0.173611 0.19647
11 0.175239 0.623553 0.040148 0.054398
10 0.167318 0.596499 0.164497 0.198206
11 0.439345 0.810619 0.040582 0.045428
6 0.651476 0.654369 0.098524 0.204572
0 0.232205 0.362558 0.202257 0.143519
