9 0.805447 0.790509 0.388672 0.418403
0 0.434245 0.221933 0.128906 0.142361
10 0.439453 0.720052 0.157986 0.268229
0 0.286458 0.248119 0.087674 0.182581
8 0.196615 0.851273 0.15191 0.296875
11 0.614475 0.667824 0.045356 0.079861
1 0.284071 0.498553 0.115017 0.177662
3 0.39974 0.427517 0.123698 0.223669
7 0.266385 0.686053 0.118707 0.203125
7 0.549371 0.242766 0.1773 0.257523
7 0.170681 0.606047 0.084852 0.209201
3 0.206163 0.419705 0.097222 0.172743
0 0.410373 0.109375 0.110677 0.113426
0 0.420247 0.141059 0.116536 0.078414
11 0.40408 0.239873 0.03342 0.04919
11 0.394748 0.38397 0.03342 0.045718
2 0.325955 0.407841 0.075955 0.149595
