7 0.356047 0.697374 0.262442 0.143446
7 0.331163 0.397352 0.25434 0.13151
7 0.343027 0.540582 0.264757 0.13151
7 0.375289 0.881076 0.292245 0.150174
0 0.619792 0.273655 0.265046 0.09158
7 0.361111 0.253364 0.273727 0.130859
4 0.603877 0.180339 0.241319 0.101562
4 0.627459 0.507378 0.249132 0.104167
7 0.303964 0.132595 0.27228 0.122396
11 0.530527 0.602865 0.057581 0.041233
4 0.649016 0.608832 0.253472 0.140842
0 0.612558 0.418945 0.273148 0.113064
11 0.440972 0.600043 0.08044 0.048177
11 0.553819 0.690755 0.064236 0.051649
11 0.333478 0.310655 0.056424 0.051432
0 0.623843 0.333767 0.262731 0.110243
11 0.344329 0.419705 0.06713 0.037326
