7 0.738715 0.264431 0.224537 0.117839
2 0.565538 0.342448 0.234086 0.122396
1 0.563368 0.461155 0.23669 0.117622
7 0.801794 0.42296 0.229745 0.117622
5 0.746962 0.51964 0.23235 0.128255
5 0.789641 0.649197 0.226273 0.121745
6 0.744358 0.764214 0.221933 0.124349
3 0.546586 0.652452 0.231481 0.13737
4 0.358073 0.619575 0.257812 0.142795
4 0.30599 0.492296 0.264178 0.13954
0 0.203414 0.657444 0.25 0.107856
4 0.172743 0.772461 0.244792 0.136936
0 0.384838 0.753364 0.260417 0.149957
0 0.407697 0.866536 0.270833 0.141927
4 0.317853 0.219727 0.280382 0.183377
