0 0.157841 0.766385 0.25434 0.128255
0 0.18533 0.693685 0.234086 0.106554
0 0.181858 0.585286 0.221933 0.115885
3 0.505064 0.623372 0.20515 0.113064
2 0.498987 0.510959 0.203414 0.100043
1 0.461661 0.405382 0.197049 0.096788
5 0.759404 0.594835 0.192998 0.115017
5 0.878906 0.563585 0.109664 0.097222
6 0.87066 0.683268 0.1875 0.119575
7 0.679977 0.299262 0.188657 0.126302
7 0.591001 0.214084 0.192998 0.124349
4 0.192419 0.371528 0.219907 0.102431
4 0.217014 0.301758 0.212963 0.070964
4 0.248987 0.250543 0.210359 0.077474
4 0.269676 0.21365 0.195602 0.061849
