0 0.658999 0.263889 0.223669 0.12717
5 0.406684 0.734266 0.221354 0.114366
7 0.680845 0.519857 0.207176 0.10612
0 0.474103 0.182292 0.2364 0.142361
2 0.452546 0.470812 0.202546 0.115234
1 0.444734 0.368598 0.226273 0.120009
2 0.22526 0.429579 0.217303 0.118707
1 0.198206 0.309896 0.240162 0.127604
2 0.44401 0.599935 0.218461 0.123047
9 0.138889 0.777778 0.219329 0.215712
3 0.210069 0.555664 0.230324 0.109158
0 0.298466 0.133898 0.215567 0.178819
6 0.402199 0.851345 0.23206 0.130642
0 0.679398 0.385742 0.211806 0.131727
11 0.620081 0.600369 0.050347 0.038411
11 0.601562 0.670139 0.048611 0.038194
