10 0.151331 0.273763 0.302662 0.21072
11 0.469329 0.546441 0.06713 0.049479
11 0.499421 0.588108 0.064815 0.044271
11 0.904514 0.502604 0.06713 0.048611
11 0.883681 0.336806 0.078704 0.048611
3 0.698495 0.550781 0.25463 0.153646
2 0.590278 0.409288 0.265046 0.150174
2 0.673611 0.349826 0.237269 0.140625
1 0.607639 0.227431 0.244213 0.180556
1 0.451389 0.220486 0.304398 0.222222
5 0.23669 0.435764 0.347222 0.222222
5 0.283565 0.532118 0.302083 0.145833
6 0.298611 0.65191 0.290509 0.119792
6 0.270833 0.725694 0.297454 0.112847
6 0.204282 0.818576 0.333333 0.142361
