6 0.622070 0.448061 0.149523 0.237558
0 0.315321 0.069589 0.204861 0.129919
7 0.455621 0.333044 0.212023 0.230324
7 0.254557 0.555122 0.262587 0.281539
7 0.624240 0.165654 0.179036 0.187211
7 0.481337 0.677662 0.216580 0.323495
7 0.722222 0.723524 0.207031 0.268229
5 0.784180 0.388021 0.143446 0.254051
11 0.145074 0.399306 0.057075 0.063079
11 0.492405 0.663050 0.055990 0.070891
10 0.146484 0.376302 0.261285 0.265336
0 0.300998 0.119502 0.206163 0.127894
0 0.335938 0.230613 0.195312 0.133102
6 0.721463 0.438368 0.100043 0.230324
