6 0.37066 0.588397 0.105035 0.220197
4 0.326389 0.189091 0.117188 0.26765
0 0.20714 0.226418 0.118273 0.243345
2 0.647569 0.857205 0.132812 0.2636
10 0.623372 0.52228 0.148655 0.260995
4 0.724067 0.172309 0.155599 0.314525
5 0.470161 0.352575 0.119575 0.270544
7 0.262912 0.502459 0.094835 0.214988
5 0.479709 0.626447 0.108724 0.241898
7 0.268446 0.738426 0.081597 0.19213
5 0.804579 0.742043 0.151259 0.274016
11 0.578234 0.264034 0.046658 0.074363
11 0.364475 0.810764 0.036241 0.050926
3 0.503255 0.886863 0.140191 0.223958
