11 0.480035 0.305556 0.046875 0.075231
11 0.31684 0.271991 0.059028 0.075231
1 0.506076 0.518519 0.144097 0.311343
1 0.485243 0.733796 0.154514 0.207176
2 0.3125 0.724537 0.154514 0.21412
2 0.331597 0.510417 0.184028 0.329861
3 0.143663 0.519097 0.19184 0.342593
3 0.127604 0.735532 0.171875 0.231481
6 0.654948 0.400463 0.181424 0.320602
6 0.691406 0.623843 0.165799 0.177083
6 0.711806 0.762731 0.157986 0.146991
5 0.862847 0.719329 0.163194 0.171296
5 0.859375 0.545718 0.171875 0.180556
5 0.840712 0.353588 0.195312 0.31713
