6 0.587457 0.696904 0.121528 0.221933
0 0.158963 0.561632 0.115668 0.090278
7 0.390299 0.249421 0.119141 0.261574
0 0.166884 0.720197 0.119358 0.236690
7 0.262478 0.227865 0.129557 0.260127
9 0.810655 0.584201 0.240668 0.216435
4 0.296549 0.588397 0.115668 0.085359
4 0.290365 0.744358 0.119792 0.217303
7 0.511502 0.221933 0.124566 0.259838
4 0.283095 0.491464 0.118273 0.108507
7 0.136393 0.258247 0.139106 0.265914
5 0.436740 0.751302 0.119575 0.236979
7 0.631619 0.233362 0.125217 0.254919
0 0.155707 0.487992 0.119575 0.058738
11 0.642687 0.497975 0.047960 0.056713
11 0.590712 0.533420 0.041233 0.050058
8 0.840712 0.316117 0.232639 0.225984
