5 0.593027 0.493056 0.136863 0.100694
7 0.683738 0.630968 0.238426 0.117839
0 0.528501 0.237305 0.20515 0.1352
5 0.778212 0.496202 0.243345 0.113932
9 0.453993 0.812826 0.181134 0.205078
1 0.41739 0.415148 0.182002 0.114149
4 0.610966 0.084201 0.18316 0.12934
7 0.528935 0.624891 0.099537 0.113932
7 0.437934 0.620226 0.084201 0.104601
11 0.798177 0.889431 0.063368 0.049696
4 0.390046 0.118273 0.069444 0.099826
4 0.465712 0.106771 0.085938 0.113715
9 0.638021 0.84809 0.220486 0.205729
6 0.789207 0.388997 0.253762 0.11046
6 0.601273 0.381944 0.131366 0.116753
0 0.397135 0.262478 0.08015 0.10829
11 0.804832 0.823893 0.054688 0.049696
