0 0.24349 0.70497 0.266493 0.169922
7 0.512876 0.377713 0.232928 0.191623
7 0.312934 0.206923 0.286169 0.223307
1 0.837095 0.676107 0.163773 0.146484
10 0.594618 0.728516 0.207755 0.162326
9 0.808015 0.22526 0.27691 0.270833
7 0.716435 0.486437 0.177662 0.166884
11 0.621528 0.467556 0.050926 0.038411
11 0.612413 0.222765 0.057581 0.044922
7 0.310475 0.546332 0.199074 0.187283
7 0.190683 0.363064 0.289352 0.217014
3 0.838686 0.538954 0.166377 0.142578
2 0.771991 0.638997 0.132523 0.100911
0 0.317853 0.805664 0.203414 0.142578
0 0.176794 0.783095 0.16956 0.1148
