6 0.138455 0.661784 0.253183 0.156467
5 0.292969 0.522678 0.194734 0.094835
7 0.239873 0.31977 0.222801 0.117405
9 0.268663 0.162001 0.195891 0.150391
7 0.474826 0.397135 0.219329 0.128472
4 0.477286 0.865885 0.088252 0.107639
4 0.318576 0.871745 0.197917 0.121962
0 0.362124 0.765842 0.221354 0.128906
7 0.282697 0.42513 0.225116 0.094618
1 0.507523 0.564128 0.215278 0.095269
4 0.552951 0.854818 0.075231 0.115017
9 0.444734 0.218207 0.170139 0.180339
11 0.140191 0.233398 0.050637 0.034071
11 0.146846 0.182834 0.050637 0.035373
5 0.148003 0.547418 0.228299 0.118707
6 0.301939 0.659071 0.143808 0.112413
0 0.510561 0.710178 0.15191 0.109158
