7 0.857422 0.588252 0.142361 0.230903
7 0.569987 0.573206 0.107422 0.210648
5 0.110243 0.621817 0.096788 0.188657
0 0.432726 0.679977 0.113715 0.216435
5 0.092122 0.820312 0.105252 0.217014
5 0.125651 0.476562 0.096788 0.115162
4 0.3227 0.639757 0.111545 0.212384
4 0.327582 0.478299 0.101345 0.12963
7 0.694336 0.585938 0.107422 0.223958
7 0.585286 0.35706 0.111979 0.16088
6 0.217339 0.482928 0.104818 0.135995
6 0.191515 0.822627 0.111762 0.223958
0 0.433702 0.510561 0.10829 0.12934
6 0.206055 0.630787 0.115668 0.16956
8 0.638563 0.826968 0.244575 0.229745
11 0.397135 0.394676 0.031684 0.04919
11 0.436306 0.38151 0.035807 0.055845
