1 0.810438 0.59592 0.122613 0.200521
7 0.678602 0.319444 0.141927 0.25
7 0.913411 0.35923 0.145399 0.234664
2 0.674696 0.588252 0.113281 0.206597
2 0.651367 0.722946 0.106988 0.110243
4 0.300239 0.508681 0.215061 0.183449
7 0.544488 0.317419 0.137153 0.251736
3 0.555339 0.65162 0.112413 0.174769
0 0.458116 0.611111 0.082465 0.197917
11 0.562826 0.486979 0.04579 0.061921
11 0.458767 0.322917 0.045139 0.063079
0 0.370334 0.635706 0.126953 0.140625
1 0.812391 0.716869 0.134766 0.095197
0 0.336372 0.61169 0.155382 0.122685
11 0.463542 0.567708 0.045139 0.053241
11 0.701389 0.550926 0.048611 0.052083
11 0.789497 0.340278 0.047743 0.061343
7 0.792969 0.356481 0.148438 0.248843
