0 0.214844 0.443432 0.146267 0.222512
7 0.674479 0.324508 0.109375 0.155382
4 0.782661 0.163628 0.123481 0.173322
9 0.790256 0.51794 0.146918 0.186343
1 0.452365 0.532552 0.102214 0.184896
9 0.810113 0.333478 0.143663 0.182581
0 0.342339 0.544416 0.120877 0.195891
7 0.574544 0.343316 0.101345 0.166377
4 0.628038 0.13614 0.118056 0.195312
4 0.233832 0.2011 0.119575 0.219907
5 0.473958 0.125868 0.090278 0.206019
5 0.472548 0.342303 0.092231 0.204861
7 0.602214 0.542245 0.094618 0.189236
6 0.381836 0.121383 0.100477 0.191262
11 0.219618 0.621528 0.042101 0.049769
6 0.369358 0.304688 0.106771 0.176505
11 0.092882 0.599392 0.048611 0.05353
