6 0.649957 0.4307 0.164062 0.22309
7 0.675347 0.696759 0.224826 0.263889
8 0.446615 0.752749 0.268229 0.327257
4 0.301649 0.170862 0.144965 0.186053
7 0.247179 0.387876 0.142361 0.228877
6 0.52105 0.310909 0.174913 0.180845
7 0.182075 0.608218 0.164497 0.26794
4 0.417209 0.20081 0.08138 0.195602
11 0.350911 0.469184 0.049479 0.058738
11 0.478841 0.738426 0.044922 0.05787
5 0.725694 0.355035 0.210069 0.243056
5 0.521484 0.442853 0.145833 0.180845
4 0.501628 0.165365 0.089193 0.16522
4 0.348633 0.209201 0.105252 0.197338
11 0.335503 0.251157 0.032552 0.053819
