7 0.670681 0.491319 0.169054 0.233796
0 0.246636 0.219618 0.174262 0.258681
7 0.551758 0.713397 0.170356 0.225984
7 0.793077 0.340856 0.149523 0.235532
9 0.776259 0.778501 0.220486 0.276331
3 0.472656 0.871383 0.170573 0.249132
11 0.583116 0.601562 0.040799 0.052083
7 0.533746 0.276331 0.178602 0.221644
11 0.790799 0.587818 0.036892 0.051794
7 0.689996 0.235243 0.163411 0.212384
0 0.387478 0.188657 0.1773 0.273727
10 0.289497 0.563657 0.210503 0.278935
1 0.288628 0.894097 0.204427 0.210648
2 0.373481 0.799769 0.108507 0.173611
0 0.301432 0.094184 0.119358 0.146701
