4 0.198351 0.185655 0.207465 0.139106
7 0.409433 0.457357 0.181713 0.103082
9 0.611111 0.212348 0.185764 0.186849
7 0.390191 0.340169 0.207465 0.107856
4 0.16522 0.378255 0.248264 0.141493
1 0.59838 0.601128 0.172454 0.094184
5 0.405816 0.573459 0.202257 0.093099
4 0.233507 0.822591 0.222801 0.105686
0 0.49566 0.834961 0.210069 0.132161
5 0.158131 0.56543 0.212095 0.10178
7 0.619647 0.442057 0.198785 0.114149
6 0.365741 0.682943 0.209491 0.121962
0 0.602286 0.713542 0.171007 0.106771
9 0.407697 0.158746 0.201968 0.194227
6 0.150029 0.669813 0.21441 0.108724
11 0.663484 0.824436 0.045718 0.03776
11 0.630932 0.93674 0.048322 0.03928
