8 0.184172 0.81543 0.295428 0.310981
10 0.51765 0.8176 0.289352 0.167318
11 0.452402 0.707791 0.081887 0.050564
7 0.786458 0.684679 0.243634 0.151042
7 0.437934 0.56174 0.294271 0.145616
7 0.140625 0.560004 0.28125 0.147352
0 0.165365 0.362196 0.330729 0.171441
0 0.21195 0.269748 0.280961 0.107639
0 0.218027 0.192925 0.283275 0.096788
0 0.192564 0.102865 0.312211 0.101128
3 0.543981 0.395942 0.274884 0.135634
1 0.546441 0.255751 0.263021 0.144748
1 0.545284 0.149414 0.269965 0.100477
5 0.846065 0.299588 0.237269 0.13303
5 0.860532 0.388129 0.240162 0.093099
6 0.871383 0.490777 0.237558 0.143012
