4 0.63303 0.280671 0.125434 0.21412
0 0.752604 0.371238 0.11849 0.239583
7 0.875 0.443866 0.132812 0.239583
2 0.406684 0.443432 0.117622 0.219618
1 0.516276 0.450087 0.124566 0.226562
0 0.75217 0.527199 0.119792 0.099537
3 0.302734 0.416377 0.112413 0.222222
6 0.07194 0.3193 0.127387 0.207465
4 0.630317 0.50651 0.109592 0.082465
7 0.842882 0.174913 0.120226 0.22309
5 0.156033 0.47092 0.103299 0.131076
5 0.173286 0.311343 0.115234 0.219329
4 0.633247 0.429688 0.104167 0.083912
11 0.525933 0.303096 0.034505 0.052951
6 0.053277 0.458623 0.106554 0.090856
