7 0.245804 0.41645 0.179109 0.21441
6 0.196325 0.670681 0.215567 0.214193
7 0.649016 0.172201 0.189815 0.234158
7 0.237413 0.191949 0.199942 0.2602
7 0.607928 0.402669 0.178819 0.205512
7 0.431134 0.182292 0.204861 0.256076
7 0.434751 0.413411 0.169271 0.213542
5 0.439236 0.662977 0.121528 0.177951
5 0.549913 0.630534 0.157118 0.201172
11 0.78588 0.525716 0.060185 0.042318
11 0.805266 0.332357 0.052662 0.045356
6 0.319444 0.677083 0.123843 0.192708
11 0.585648 0.644531 0.056713 0.044271
11 0.590278 0.412326 0.063657 0.045139
11 0.402778 0.422743 0.056713 0.046875
11 0.181134 0.676649 0.064815 0.046007
