0 0.553096 0.251302 0.254919 0.141493
7 0.602286 0.449653 0.277488 0.127604
2 0.272135 0.355252 0.290799 0.130642
3 0.252459 0.495768 0.26765 0.178602
1 0.264612 0.227865 0.30353 0.15408
3 0.591001 0.791124 0.221933 0.159071
1 0.587963 0.632378 0.269676 0.145399
3 0.237992 0.739149 0.261285 0.172743
5 0.85272 0.612305 0.229745 0.11697
7 0.852431 0.456597 0.259259 0.125434
6 0.83941 0.774523 0.266204 0.151042
0 0.870515 0.259983 0.097512 0.120226
0 0.712674 0.267036 0.08912 0.119141
0 0.790943 0.268121 0.078993 0.120009
