7 0.334093 0.435185 0.138672 0.244213
7 0.591037 0.179109 0.161675 0.215278
7 0.797418 0.242622 0.167318 0.207465
7 0.759006 0.717882 0.169488 0.248264
0 0.633681 0.562066 0.131944 0.242766
7 0.432943 0.638600 0.156250 0.245949
7 0.905056 0.518953 0.181641 0.212095
9 0.534397 0.853733 0.251519 0.292535
5 0.524089 0.394676 0.151042 0.198495
7 0.370985 0.250434 0.137804 0.202836
7 0.309787 0.679543 0.149089 0.244502
2 0.770399 0.439670 0.146267 0.236979
10 0.220378 0.303675 0.147786 0.210359
11 0.724392 0.071470 0.036458 0.054977
