0 0.226888 0.529659 0.119575 0.225984
2 0.352214 0.753038 0.108073 0.216725
7 0.381836 0.208912 0.119141 0.267361
3 0.6773 0.778646 0.173177 0.203125
7 0.404188 0.463831 0.122613 0.237269
6 0.68457 0.185185 0.126953 0.255208
3 0.469727 0.738281 0.113064 0.215567
1 0.525282 0.440394 0.121745 0.246528
5 0.528754 0.185764 0.123047 0.244792
3 0.703885 0.424334 0.157335 0.202257
1 0.248372 0.766638 0.119575 0.229456
0 0.181641 0.21441 0.132812 0.119213
0 0.206272 0.294994 0.133464 0.08015
0 0.218424 0.373987 0.126085 0.086516
