0 0.584491 0.337891 0.282986 0.086806
7 0.273438 0.274957 0.296875 0.159288
7 0.286024 0.418294 0.284433 0.125217
7 0.256076 0.109484 0.328704 0.166016
0 0.569589 0.404839 0.27228 0.070964
7 0.286603 0.671984 0.243924 0.118707
4 0.569589 0.562609 0.237558 0.1148
4 0.592593 0.173503 0.283565 0.093533
4 0.5693 0.473307 0.253183 0.078559
7 0.281973 0.546549 0.260706 0.115234
7 0.317998 0.779405 0.210648 0.097005
0 0.590567 0.25803 0.283565 0.098958
11 0.581597 0.258247 0.06713 0.049479
11 0.510417 0.570747 0.061343 0.044271
11 0.230324 0.09158 0.075231 0.061632
11 0.256944 0.548611 0.070602 0.052083
11 0.249421 0.776042 0.069444 0.043403
