0 0.789931 0.676541 0.318287 0.14822
0 0.754919 0.771484 0.284722 0.099392
0 0.744647 0.832899 0.280961 0.086806
0 0.764612 0.90842 0.279803 0.071615
1 0.4307 0.771376 0.24103 0.124783
1 0.436632 0.851888 0.226852 0.079644
3 0.424045 0.63444 0.256655 0.116536
5 0.146123 0.718533 0.202546 0.109375
5 0.123843 0.640842 0.218171 0.076823
6 0.108218 0.543077 0.203704 0.127387
7 0.149161 0.355469 0.252025 0.150174
7 0.510272 0.477105 0.296586 0.134766
7 0.836516 0.490777 0.326968 0.152561
11 0.480035 0.331923 0.086806 0.057943
8 0.783854 0.202691 0.344907 0.379774
10 0.402344 0.202257 0.314525 0.194444
