0 0.411458 0.717556 0.171296 0.148655
5 0.560619 0.658095 0.24103 0.1352
7 0.68316 0.798069 0.224537 0.144748
6 0.708044 0.416992 0.222801 0.235026
4 0.3193 0.368273 0.128183 0.172743
11 0.698785 0.607964 0.0625 0.037109
0 0.429977 0.852214 0.132523 0.090278
7 0.207321 0.223199 0.118345 0.200304
7 0.557726 0.166233 0.268808 0.237847
7 0.478877 0.524306 0.195023 0.146267
3 0.280382 0.516385 0.175926 0.08138
6 0.57581 0.447049 0.109375 0.187934
11 0.615741 0.797418 0.056713 0.040582
11 0.362992 0.738932 0.036169 0.032552
11 0.233362 0.447049 0.04022 0.039931
11 0.191262 0.243924 0.046875 0.040799
11 0.574653 0.188911 0.068866 0.058811
4 0.38397 0.326063 0.160301 0.198134
0 0.395689 0.784939 0.149595 0.063368
0 0.347512 0.719293 0.072338 0.092231
2 0.324219 0.583333 0.139757 0.106771
3 0.259404 0.439345 0.149595 0.134766
11 0.50651 0.506944 0.055845 0.042535
