4 0.49103 0.480794 0.240162 0.129991
0 0.482639 0.696615 0.260995 0.078559
7 0.742766 0.623155 0.206597 0.113932
7 0.765914 0.865343 0.244213 0.128255
7 0.753183 0.740451 0.215856 0.122396
7 0.739583 0.394748 0.206597 0.114149
7 0.713976 0.284939 0.19647 0.109809
0 0.494792 0.630208 0.251736 0.065104
4 0.494502 0.848633 0.243056 0.082682
7 0.744358 0.510417 0.216146 0.109809
0 0.481481 0.765299 0.260417 0.08138
4 0.492622 0.565755 0.233507 0.067708
11 0.553241 0.477865 0.049769 0.044271
11 0.503472 0.768663 0.061343 0.051215
11 0.792245 0.889757 0.055556 0.050347
11 0.773148 0.514323 0.047454 0.037326
11 0.771412 0.304253 0.055556 0.037326
