7 0.439091 0.759332 0.242766 0.196615
6 0.379919 0.436957 0.185764 0.217665
4 0.162471 0.754123 0.287326 0.226562
6 0.503617 0.300564 0.214988 0.15842
7 0.635417 0.770291 0.182292 0.157335
4 0.233796 0.571289 0.254051 0.094401
8 0.729456 0.491319 0.177662 0.259115
11 0.544994 0.611328 0.057581 0.050347
11 0.315538 0.675673 0.06684 0.043186
7 0.697627 0.303168 0.177662 0.184896
4 0.173322 0.477648 0.287037 0.148438
11 0.737413 0.463433 0.042535 0.033203
4 0.240307 0.649848 0.282118 0.117839
5 0.516204 0.431749 0.162037 0.157335
5 0.447049 0.213867 0.23669 0.211589
