0 0.785156 0.144531 0.159722 0.223669
7 0.672635 0.625868 0.152127 0.193287
0 0.72092 0.297598 0.141059 0.167535
4 0.830187 0.566406 0.103082 0.193576
9 0.301432 0.359809 0.27474 0.395544
5 0.380208 0.644387 0.194444 0.171875
7 0.526042 0.388744 0.186198 0.206308
9 0.503689 0.165509 0.277344 0.314236
7 0.870443 0.326534 0.122396 0.219618
8 0.671766 0.79456 0.186415 0.222222
11 0.580729 0.091869 0.044705 0.063368
6 0.401584 0.7364 0.160807 0.119213
6 0.471029 0.731047 0.10395 0.180845
11 0.556424 0.540075 0.036024 0.054109
7 0.559353 0.548611 0.154731 0.213542
11 0.526042 0.375 0.036892 0.059028
11 0.697917 0.405527 0.044271 0.057581
11 0.861328 0.573061 0.03342 0.048322
4 0.768663 0.583044 0.075955 0.188079
0 0.690538 0.39945 0.152778 0.166377
0 0.786567 0.264612 0.123915 0.108507
