10 0.872396 0.263310 0.161458 0.224537
3 0.773003 0.495370 0.141493 0.179398
3 0.779948 0.688657 0.174479 0.318287
2 0.609809 0.509259 0.136285 0.158565
2 0.601997 0.704282 0.172743 0.300926
1 0.472656 0.534722 0.120660 0.158565
1 0.447917 0.707755 0.130208 0.266204
6 0.305556 0.526620 0.098958 0.098380
6 0.309028 0.625000 0.107639 0.135417
6 0.317708 0.825231 0.126736 0.288194
5 0.198785 0.565972 0.090278 0.114583
5 0.185764 0.690972 0.100694 0.149306
5 0.169271 0.857060 0.125000 0.275463
11 0.461372 0.899884 0.046007 0.078704
11 0.621962 0.931134 0.054688 0.083333
