4 0.342014 0.267361 0.303241 0.137153
4 0.341435 0.148438 0.297454 0.097222
0 0.685764 0.273003 0.270833 0.124132
0 0.693287 0.16276 0.269676 0.092882
7 0.281829 0.466146 0.321759 0.144097
7 0.212963 0.599392 0.320602 0.171007
7 0.20544 0.768229 0.324074 0.206597
7 0.436343 0.848958 0.297454 0.175347
7 0.486111 0.68099 0.283565 0.143229
7 0.505787 0.556858 0.28125 0.122396
7 0.5625 0.425781 0.267361 0.148438
7 0.689815 0.851562 0.258102 0.178819
7 0.764468 0.697049 0.277778 0.130208
7 0.782407 0.557726 0.274306 0.132812
7 0.817708 0.438802 0.25463 0.131076
