4 0.453993 0.701823 0.214699 0.217448
4 0.512587 0.534614 0.227141 0.150391
0 0.331742 0.238715 0.190104 0.103299
6 0.192419 0.573459 0.193287 0.152561
8 0.743634 0.70128 0.347801 0.312717
7 0.552228 0.225043 0.221933 0.139757
5 0.622396 0.41786 0.263889 0.121311
7 0.14077 0.383898 0.172743 0.138021
0 0.303819 0.333225 0.214699 0.124349
11 0.303096 0.352648 0.049479 0.038628
11 0.540509 0.245551 0.054977 0.035807
11 0.335938 0.637695 0.059028 0.04796
4 0.334925 0.649523 0.191262 0.128472
4 0.369936 0.528537 0.14728 0.133464
5 0.204861 0.465495 0.144676 0.126302
0 0.248698 0.281359 0.096933 0.064887
5 0.681568 0.342122 0.239294 0.163411
2 0.468171 0.378472 0.201389 0.164931
11 0.485388 0.379666 0.051794 0.034071
