0 0.244792 0.262876 0.157118 0.256076
0 0.176215 0.466001 0.169705 0.238137
1 0.372396 0.495515 0.127170 0.241030
2 0.487847 0.480324 0.115885 0.223380
7 0.531793 0.226273 0.116970 0.244792
2 0.612088 0.493490 0.129123 0.222512
5 0.752387 0.524595 0.118924 0.221065
0 0.135959 0.648148 0.207682 0.218750
2 0.442925 0.706742 0.112413 0.205150
3 0.565321 0.715278 0.106337 0.203704
1 0.332899 0.734086 0.127604 0.206019
0 0.378581 0.226997 0.138238 0.235822
6 0.870660 0.532118 0.125434 0.219329
11 0.620877 0.303096 0.041667 0.054109
9 0.774740 0.775608 0.207031 0.198785
11 0.696181 0.323495 0.045139 0.056134
