0 0.785156 0.556568 0.146267 0.222512
7 0.325521 0.675492 0.109375 0.155382
4 0.217339 0.836372 0.123481 0.173322
9 0.209744 0.48206 0.146918 0.186343
1 0.547635 0.467448 0.102214 0.184896
9 0.189887 0.666522 0.143663 0.182581
0 0.657661 0.455584 0.120877 0.195891
7 0.425456 0.656684 0.101345 0.166377
4 0.371962 0.86386 0.118056 0.195312
4 0.766168 0.7989 0.119575 0.219907
5 0.526042 0.874132 0.090278 0.206019
5 0.527452 0.657697 0.092231 0.204861
7 0.397786 0.457755 0.094618 0.189236
6 0.618164 0.878617 0.100477 0.191262
11 0.780382 0.378472 0.042101 0.049769
6 0.630642 0.695312 0.106771 0.176505
11 0.907118 0.400608 0.048611 0.05353
