7 0.23886 0.569553 0.282118 0.134766
0 0.785301 0.893772 0.335648 0.169922
0 0.468316 0.876845 0.0761 0.156467
7 0.194155 0.707899 0.289931 0.140191
4 0.612558 0.702365 0.106481 0.14388
5 0.837529 0.537435 0.297164 0.142144
0 0.562355 0.879015 0.121238 0.158203
6 0.767506 0.369575 0.280382 0.125
7 0.234954 0.442166 0.262731 0.125651
4 0.489583 0.70855 0.138889 0.143663
7 0.19864 0.863498 0.315104 0.170139
9 0.649595 0.157661 0.222801 0.212023
11 0.534867 0.311632 0.061053 0.045573
4 0.825666 0.72678 0.308738 0.169271
7 0.266059 0.32704 0.248553 0.115017
11 0.571904 0.363932 0.058738 0.039062
8 0.372685 0.144748 0.224537 0.204861
