7 0.176215 0.336227 0.175781 0.271412
7 0.405924 0.131221 0.143012 0.240451
2 0.202148 0.581597 0.245443 0.245370
1 0.242079 0.830150 0.138238 0.265625
3 0.530924 0.825087 0.133898 0.265336
4 0.757270 0.435041 0.148220 0.199363
4 0.750543 0.570747 0.119575 0.239294
4 0.654839 0.836661 0.164714 0.188368
4 0.413086 0.739294 0.172092 0.281250
0 0.645833 0.644965 0.169271 0.216435
0 0.574002 0.428096 0.116753 0.237558
0 0.472873 0.355179 0.170573 0.147859
5 0.631944 0.259404 0.144531 0.239294
5 0.348416 0.467448 0.177300 0.276331
6 0.742296 0.197483 0.152561 0.189525
