4 0.314019 0.561632 0.125 0.221644
1 0.4273 0.394531 0.115017 0.230035
6 0.914931 0.474971 0.122396 0.231192
2 0.535156 0.391059 0.123698 0.232928
5 0.805122 0.505932 0.106337 0.238137
0 0.187066 0.466725 0.116753 0.23206
4 0.303711 0.402778 0.104818 0.078125
7 0.075304 0.54239 0.127604 0.210359
3 0.648329 0.402778 0.115668 0.226852
5 0.802843 0.327402 0.107856 0.125868
6 0.92079 0.322917 0.104601 0.095486
0 0.188802 0.329572 0.111545 0.059028
11 0.430664 0.545139 0.04362 0.054398
4 0.310438 0.341435 0.111328 0.061921
7 0.07411 0.378328 0.097873 0.099248
