7 0.684462 0.75803 0.227141 0.173177
0 0.793837 0.30013 0.279803 0.213976
9 0.249421 0.732313 0.251736 0.217665
7 0.290509 0.501628 0.179977 0.167318
7 0.506221 0.614909 0.217303 0.159071
7 0.714265 0.46951 0.22772 0.200304
3 0.142361 0.432943 0.206019 0.15842
1 0.099971 0.263455 0.193576 0.175347
11 0.393374 0.531793 0.050058 0.039714
10 0.394821 0.234918 0.238715 0.204644
11 0.427083 0.747287 0.048611 0.035807
0 0.72309 0.156033 0.25 0.196181
0 0.876013 0.202148 0.179688 0.136502
7 0.781395 0.639974 0.246817 0.181424
2 0.194444 0.32997 0.147569 0.10395
