0 0.447483 0.325376 0.131944 0.12934
0 0.449219 0.187789 0.133247 0.14294
0 0.435764 0.459491 0.128472 0.130787
4 0.614149 0.820457 0.146267 0.135706
7 0.868273 0.6114 0.191406 0.168403
2 0.608181 0.62066 0.162977 0.146412
7 0.875109 0.76331 0.195095 0.151042
1 0.4324 0.816696 0.127821 0.112558
6 0.305556 0.511574 0.113281 0.116898
4 0.624891 0.938368 0.149089 0.116898
3 0.613064 0.483507 0.155382 0.145833
11 0.590169 0.322772 0.035373 0.0489
5 0.324436 0.624711 0.115451 0.116898
11 0.706706 0.314236 0.038411 0.057292
5 0.448134 0.631221 0.131944 0.121817
