0 0.594184 0.662326 0.119792 0.228588
0 0.717448 0.630932 0.133247 0.228877
2 0.545573 0.221354 0.094618 0.184028
0 0.821289 0.285156 0.159071 0.201678
2 0.510417 0.431424 0.107639 0.197338
0 0.785373 0.453414 0.149306 0.206597
5 0.259006 0.3886 0.113498 0.199653
1 0.65332 0.200666 0.116102 0.203414
3 0.430664 0.213542 0.094401 0.197338
2 0.388455 0.41739 0.121528 0.208623
7 0.462999 0.658275 0.098741 0.219907
1 0.614475 0.419994 0.136068 0.224248
9 0.23622 0.152344 0.186415 0.17853
6 0.150499 0.378472 0.109592 0.195023
11 0.313151 0.570747 0.036458 0.050058
11 0.381185 0.591291 0.039714 0.052951
