7 0.749132 0.363824 0.354167 0.191189
7 0.710503 0.191732 0.354456 0.165148
7 0.786458 0.57997 0.39294 0.207248
7 0.42419 0.22819 0.253472 0.156901
7 0.423322 0.379557 0.273148 0.14974
7 0.431279 0.548286 0.296007 0.162109
6 0.134983 0.227865 0.226562 0.147569
11 0.246094 0.727431 0.073206 0.055556
5 0.116609 0.411892 0.222222 0.104167
11 0.541811 0.748372 0.069734 0.0523
11 0.419416 0.523003 0.083623 0.056424
11 0.114583 0.529514 0.063657 0.045139
5 0.141782 0.500868 0.229167 0.151042
6 0.118056 0.315538 0.21875 0.073785
11 0.409144 0.348958 0.071759 0.052083
