7 0.357639 0.208912 0.145833 0.277778
7 0.488281 0.261574 0.113715 0.269676
7 0.584201 0.343171 0.138889 0.256944
7 0.243490 0.375579 0.131076 0.282407
7 0.375000 0.449074 0.125000 0.260417
7 0.479601 0.493634 0.101562 0.226852
7 0.561198 0.563079 0.084201 0.212963
7 0.198785 0.587963 0.130208 0.246528
7 0.325955 0.677083 0.138021 0.237269
7 0.427951 0.717014 0.112847 0.236111
7 0.520833 0.745370 0.105903 0.214120
0 0.657118 0.681134 0.092014 0.199074
0 0.720920 0.697338 0.078993 0.189815
4 0.705295 0.430556 0.117188 0.230324
4 0.771267 0.462963 0.082465 0.197917
