10 0.26331 0.127604 0.224537 0.161458
3 0.49537 0.226997 0.179398 0.141493
3 0.688657 0.220052 0.318287 0.174479
2 0.509259 0.390191 0.158565 0.136285
2 0.704282 0.398003 0.300926 0.172743
1 0.534722 0.527344 0.158565 0.12066
1 0.707755 0.552083 0.266204 0.130208
6 0.52662 0.694444 0.09838 0.098958
6 0.625 0.690972 0.135417 0.107639
6 0.825231 0.682292 0.288194 0.126736
5 0.565972 0.801215 0.114583 0.090278
5 0.690972 0.814236 0.149306 0.100694
5 0.85706 0.830729 0.275463 0.125
11 0.899884 0.538628 0.078704 0.046007
11 0.931134 0.378038 0.083333 0.054688
