6 0.551939 0.62207 0.237558 0.149523
0 0.930411 0.315321 0.129919 0.204861
7 0.666956 0.455621 0.230324 0.212023
7 0.444878 0.254557 0.281539 0.262587
7 0.834346 0.62424 0.187211 0.179036
7 0.322338 0.481337 0.323495 0.21658
7 0.276476 0.722222 0.268229 0.207031
5 0.611979 0.78418 0.254051 0.143446
11 0.600694 0.145074 0.063079 0.057075
11 0.33695 0.492405 0.070891 0.05599
10 0.623698 0.146484 0.265336 0.261285
0 0.880498 0.300998 0.127894 0.206163
0 0.769387 0.335938 0.133102 0.195312
6 0.561632 0.721463 0.230324 0.100043
