7 0.512153 0.366536 0.242477 0.141927
7 0.549913 0.67003 0.249711 0.132161
5 0.241753 0.643121 0.22309 0.154297
7 0.803096 0.279188 0.274595 0.144748
6 0.185185 0.455838 0.247685 0.200738
7 0.503762 0.535048 0.240162 0.126953
7 0.434172 0.785265 0.234664 0.130859
1 0.553241 0.203342 0.242477 0.114149
0 0.867766 0.464084 0.226273 0.123481
1 0.726562 0.828016 0.237269 0.130859
0 0.825666 0.636285 0.252025 0.151042
11 0.35923 0.285265 0.054109 0.041884
11 0.36849 0.209418 0.055845 0.046007
3 0.275608 0.337023 0.233507 0.154948
