9 0.173394 0.139323 0.247396 0.27228
0 0.684787 0.773438 0.138672 0.220486
1 0.663845 0.467303 0.15191 0.20081
7 0.66786 0.286748 0.165582 0.201389
0 0.481011 0.715422 0.169488 0.182002
3 0.519965 0.512153 0.138889 0.230324
7 0.815213 0.389034 0.130859 0.202257
7 0.349392 0.642795 0.16059 0.256655
11 0.292643 0.233362 0.043186 0.057581
7 0.787977 0.592737 0.143663 0.223669
0 0.532986 0.858796 0.155382 0.184028
10 0.468207 0.233652 0.14388 0.219618
11 0.507921 0.703559 0.046658 0.060475
11 0.514648 0.548322 0.036241 0.04456
8 0.74707 0.147425 0.213325 0.277488
2 0.607747 0.555556 0.104818 0.148148
0 0.493815 0.811777 0.155599 0.094039
