5 0.705295 0.687174 0.249132 0.1352
7 0.71658 0.839952 0.268229 0.127387
6 0.710938 0.555339 0.267361 0.147569
0 0.723524 0.217339 0.253762 0.126953
5 0.511574 0.711589 0.116319 0.126302
4 0.840712 0.41276 0.217303 0.139323
4 0.570457 0.398546 0.087674 0.117405
4 0.445312 0.409614 0.073495 0.119141
4 0.636429 0.404839 0.058738 0.123047
4 0.5068 0.407335 0.056424 0.122396
0 0.464265 0.208659 0.081887 0.132595
11 0.651476 0.705078 0.06684 0.044271
4 0.688802 0.402561 0.060475 0.116753
7 0.524306 0.879666 0.152199 0.141276
0 0.550637 0.217122 0.081597 0.123915
6 0.524595 0.579319 0.117477 0.139974
11 0.746238 0.848633 0.061921 0.054905
