9 0.83572 0.493345 0.198351 0.212963
7 0.626519 0.268084 0.111545 0.2364
1 0.427083 0.553819 0.104601 0.222222
4 0.118164 0.358941 0.101345 0.217882
9 0.839084 0.292679 0.209418 0.213252
4 0.128581 0.596209 0.098307 0.077257
4 0.121853 0.511429 0.103082 0.083623
5 0.5051 0.183594 0.100911 0.226562
6 0.396267 0.357784 0.118056 0.144387
0 0.251628 0.442274 0.113932 0.204572
7 0.63227 0.42173 0.106988 0.091725
6 0.398655 0.180411 0.115017 0.218461
7 0.635851 0.519387 0.102431 0.088542
5 0.501845 0.360388 0.098307 0.143229
11 0.799045 0.137442 0.044705 0.053241
0 0.271267 0.583767 0.102865 0.092882
11 0.862413 0.139323 0.050347 0.058738
