7 0.332755 0.184136 0.244213 0.133898
7 0.360098 0.560872 0.23235 0.119141
7 0.375145 0.818359 0.228877 0.112413
7 0.360677 0.688911 0.225984 0.11046
7 0.353443 0.446723 0.245081 0.10829
0 0.590278 0.458116 0.248264 0.088108
7 0.37934 0.311306 0.240741 0.126953
4 0.604022 0.618056 0.199363 0.122396
4 0.616464 0.233181 0.216146 0.103516
0 0.6114 0.32628 0.230903 0.086589
11 0.521123 0.685655 0.052662 0.041884
11 0.50651 0.618056 0.046586 0.045139
4 0.591869 0.535482 0.237558 0.081814
11 0.43316 0.617188 0.058449 0.042101
11 0.353877 0.367405 0.050926 0.044705
11 0.359375 0.465278 0.055556 0.038194
0 0.609375 0.381076 0.238426 0.102431
