0 0.246528 0.483941 0.061343 0.108507
0 0.299769 0.472222 0.056713 0.107639
0 0.368056 0.461372 0.079861 0.115451
0 0.43287 0.46441 0.061343 0.114583
0 0.501157 0.444878 0.086806 0.117188
0 0.574074 0.423177 0.075231 0.122396
0 0.646991 0.40191 0.08912 0.121528
0 0.831597 0.361111 0.30787 0.171875
4 0.247685 0.642361 0.082176 0.111111
4 0.315394 0.630208 0.064815 0.111111
4 0.387153 0.637587 0.083333 0.113715
4 0.458912 0.630642 0.060185 0.117188
4 0.517361 0.614583 0.063657 0.116319
4 0.579282 0.621528 0.069444 0.114583
4 0.653356 0.622396 0.069444 0.119792
4 0.834491 0.579427 0.302083 0.165799
10 0.284722 0.795573 0.184028 0.115451
11 0.427083 0.356337 0.054398 0.042535
11 0.484954 0.322917 0.049769 0.043403
