7 0.643953 0.302626 0.262442 0.143446
7 0.668837 0.602648 0.25434 0.13151
7 0.656973 0.459418 0.264757 0.13151
7 0.624711 0.118924 0.292245 0.150174
0 0.380208 0.726345 0.265046 0.09158
7 0.638889 0.746636 0.273727 0.130859
4 0.396123 0.819661 0.241319 0.101562
4 0.372541 0.492622 0.249132 0.104167
7 0.696036 0.867405 0.27228 0.122396
11 0.469473 0.397135 0.057581 0.041233
4 0.350984 0.391168 0.253472 0.140842
0 0.387442 0.581055 0.273148 0.113064
11 0.559028 0.399957 0.08044 0.048177
11 0.446181 0.309245 0.064236 0.051649
11 0.666522 0.689345 0.056424 0.051432
0 0.376157 0.666233 0.262731 0.110243
11 0.655671 0.580295 0.06713 0.037326
