7 0.329861 0.540799 0.224537 0.193576
0 0.789062 0.353082 0.189815 0.165365
7 0.735822 0.49566 0.167824 0.175347
2 0.203559 0.362305 0.261285 0.117405
7 0.554977 0.644748 0.212963 0.18099
7 0.703848 0.758681 0.198785 0.15191
7 0.784867 0.645182 0.187211 0.171441
9 0.274016 0.807075 0.329282 0.261719
11 0.451244 0.569444 0.057002 0.042969
10 0.466001 0.272135 0.237558 0.193142
11 0.482494 0.79145 0.050637 0.036892
0 0.748987 0.227214 0.194155 0.156684
0 0.844907 0.29145 0.116898 0.104601
1 0.130353 0.281684 0.243924 0.215278
3 0.154514 0.474718 0.261574 0.17513
