1 0.570457 0.203885 0.18316 0.129991
7 0.335214 0.082574 0.239873 0.162977
4 0.454138 0.736003 0.190104 0.223741
7 0.269965 0.479167 0.265046 0.156684
2 0.681858 0.372287 0.110822 0.110026
7 0.283131 0.345269 0.282118 0.166233
2 0.551794 0.343424 0.198495 0.131727
3 0.60952 0.472439 0.169271 0.119358
0 0.562645 0.570964 0.192419 0.090712
11 0.448785 0.464301 0.058449 0.046224
1 0.687934 0.206597 0.096354 0.129774
0 0.586082 0.660916 0.126447 0.119575
11 0.273438 0.575521 0.070023 0.048611
7 0.327546 0.213108 0.258102 0.165799
11 0.311921 0.219618 0.064815 0.052083
11 0.526042 0.318576 0.055556 0.045139
11 0.521412 0.567274 0.053241 0.047743
0 0.545139 0.697483 0.130787 0.184896
