4 0.780671 0.290799 0.395833 0.394097
4 0.736111 0.517795 0.309028 0.065104
4 0.747685 0.595486 0.28588 0.081597
4 0.703125 0.664062 0.287037 0.060764
4 0.700231 0.724392 0.274306 0.054688
4 0.704282 0.792535 0.259259 0.078125
4 0.714699 0.866753 0.247685 0.068576
4 0.706019 0.927083 0.239583 0.046875
0 0.311343 0.222222 0.34375 0.423611
0 0.318287 0.481771 0.297454 0.107639
0 0.3125 0.573351 0.28588 0.068576
0 0.35706 0.638889 0.282407 0.086806
0 0.377315 0.723524 0.262731 0.101562
0 0.380787 0.796441 0.253472 0.080729
0 0.390625 0.864149 0.240741 0.080729
0 0.385995 0.925781 0.236111 0.070312
