6 0.487847 0.547201 0.251157 0.155165
7 0.595486 0.401693 0.23669 0.18967
7 0.271701 0.393338 0.289352 0.180773
0 0.849826 0.303602 0.171296 0.168837
7 0.773003 0.584093 0.176794 0.190321
7 0.392795 0.225694 0.215567 0.186198
5 0.546152 0.728733 0.268808 0.149306
7 0.208912 0.609484 0.269676 0.218533
11 0.523148 0.149414 0.061921 0.045356
6 0.492766 0.638238 0.240741 0.09158
11 0.289497 0.394423 0.061632 0.04579
10 0.537905 0.154839 0.226273 0.191189
0 0.776331 0.289497 0.086806 0.16276
0 0.683738 0.312609 0.125 0.162543
