0 0.531901 0.313657 0.119792 0.232639
7 0.111979 0.401476 0.122396 0.237558
5 0.918077 0.163339 0.112630 0.247975
7 0.272895 0.404803 0.120443 0.230324
4 0.664822 0.358362 0.115668 0.195891
7 0.388997 0.425926 0.110026 0.232060
7 0.371094 0.668981 0.108507 0.216435
4 0.663194 0.547309 0.115451 0.143229
6 0.803819 0.163484 0.130208 0.247106
5 0.919162 0.387876 0.128255 0.194155
6 0.799371 0.374711 0.111762 0.190972
5 0.911241 0.562934 0.127604 0.153067
8 0.324870 0.171875 0.243056 0.228009
6 0.797960 0.555266 0.108073 0.164931
11 0.580946 0.642795 0.042969 0.055266
0 0.540907 0.503906 0.127387 0.155961
11 0.534071 0.655382 0.041667 0.060764
