7 0.719727 0.775463 0.127821 0.241319
7 0.535265 0.843316 0.162977 0.24566
2 0.737305 0.608362 0.131727 0.234664
1 0.65842 0.393953 0.165365 0.276331
3 0.516602 0.397859 0.134766 0.256366
5 0.448459 0.648293 0.162977 0.252604
5 0.333225 0.781973 0.118273 0.212674
6 0.208984 0.766638 0.106337 0.211516
0 0.282335 0.55599 0.179688 0.223669
0 0.2602 0.398438 0.181858 0.16956
0 0.391168 0.368924 0.153429 0.260417
4 0.240885 0.148872 0.132378 0.261285
4 0.501302 0.178241 0.154948 0.278356
4 0.64974 0.155816 0.217014 0.229456
4 0.885525 0.374855 0.225911 0.276331
