7 0.329536 0.397714 0.149089 0.213831
7 0.430556 0.584346 0.149306 0.242188
9 0.534071 0.816696 0.268663 0.366609
7 0.903971 0.469907 0.181207 0.204861
0 0.631944 0.512587 0.134983 0.219618
5 0.525391 0.354601 0.143229 0.173322
7 0.293837 0.629485 0.168837 0.254919
7 0.374240 0.236690 0.151259 0.165509
7 0.777127 0.238426 0.155816 0.177662
7 0.584852 0.177807 0.151910 0.169850
7 0.766385 0.671441 0.171224 0.250868
2 0.760742 0.402488 0.121745 0.204861
11 0.702799 0.107784 0.032335 0.051794
10 0.220486 0.282263 0.158854 0.178530
