6 0.799371 0.163484 0.160373 0.222222
7 0.473958 0.503617 0.153646 0.268808
7 0.442491 0.833189 0.182292 0.319155
7 0.647135 0.807002 0.192708 0.357639
7 0.789931 0.467882 0.170139 0.269676
7 0.823676 0.774450 0.173828 0.354456
5 0.608832 0.176071 0.107422 0.231771
7 0.631076 0.480469 0.142795 0.278646
11 0.295898 0.621528 0.042752 0.068287
11 0.315213 0.344329 0.053602 0.061343
11 0.662109 0.471644 0.048611 0.074074
11 0.492188 0.194734 0.045139 0.062500
5 0.522352 0.212963 0.142361 0.244213
6 0.705187 0.165220 0.072266 0.216435
11 0.497396 0.495949 0.053819 0.071759
