7 0.435185 0.665907 0.244213 0.138672
7 0.179109 0.408963 0.215278 0.161675
7 0.242622 0.202582 0.207465 0.167318
7 0.717882 0.240994 0.248264 0.169488
0 0.562066 0.366319 0.242766 0.131944
7 0.6386 0.567057 0.245949 0.15625
7 0.518953 0.094944 0.212095 0.181641
9 0.853733 0.465603 0.292535 0.251519
5 0.394676 0.475911 0.198495 0.151042
7 0.250434 0.629015 0.202836 0.137804
7 0.679543 0.690213 0.244502 0.149089
2 0.43967 0.229601 0.236979 0.146267
10 0.303675 0.779622 0.210359 0.147786
11 0.07147 0.275608 0.054977 0.036458
