7 0.566189 0.823206 0.124566 0.300347
6 0.25293 0.800781 0.135634 0.274016
5 0.399957 0.81713 0.125434 0.269676
1 0.39898 0.54673 0.127821 0.243924
0 0.767253 0.488281 0.141276 0.238715
3 0.325195 0.263455 0.146918 0.206887
2 0.647461 0.24537 0.117405 0.221644
7 0.571723 0.544126 0.121311 0.24566
3 0.515734 0.251157 0.147352 0.206597
1 0.760742 0.234375 0.144748 0.23669
3 0.263889 0.555845 0.12934 0.20081
0 0.796549 0.840856 0.14822 0.12963
0 0.775174 0.746383 0.148872 0.08478
0 0.766059 0.659433 0.134983 0.094907
