9 0.177192 0.207465 0.214627 0.261574
0 0.888455 0.3818 0.207031 0.224826
3 0.418186 0.282552 0.143229 0.222512
1 0.624349 0.528935 0.126302 0.208333
5 0.241102 0.477431 0.111545 0.214699
0 0.811849 0.563513 0.138021 0.234664
7 0.46582 0.740451 0.115668 0.17419
1 0.694553 0.281539 0.129991 0.259259
2 0.513997 0.531973 0.108724 0.192998
0 0.596571 0.74783 0.115885 0.159433
2 0.559679 0.304109 0.118056 0.225694
0 0.723416 0.725984 0.14388 0.19213
6 0.122721 0.469329 0.127387 0.216435
2 0.383681 0.514034 0.118924 0.209201
11 0.313151 0.663194 0.03559 0.050347
11 0.385091 0.683449 0.034939 0.046296
