0 0.337891 0.415509 0.086806 0.282986
7 0.274957 0.726562 0.159288 0.296875
7 0.418294 0.713976 0.125217 0.284433
7 0.109484 0.743924 0.166016 0.328704
0 0.404839 0.430411 0.070964 0.272280
7 0.671984 0.713397 0.118707 0.243924
4 0.562609 0.430411 0.114800 0.237558
4 0.173503 0.407407 0.093533 0.283565
4 0.473307 0.430700 0.078559 0.253183
7 0.546549 0.718027 0.115234 0.260706
7 0.779405 0.682002 0.097005 0.210648
0 0.258030 0.409433 0.098958 0.283565
11 0.258247 0.418403 0.049479 0.067130
11 0.570747 0.489583 0.044271 0.061343
11 0.091580 0.769676 0.061632 0.075231
11 0.548611 0.743056 0.052083 0.070602
11 0.776042 0.750579 0.043403 0.069444
