0 0.588542 0.458442 0.156829 0.162109
4 0.245949 0.65842 0.132523 0.159722
1 0.202836 0.448568 0.126736 0.152344
4 0.126736 0.661133 0.118634 0.146918
0 0.740451 0.475477 0.161458 0.168403
6 0.51765 0.281576 0.149306 0.162977
7 0.478443 0.894097 0.153067 0.158854
2 0.437355 0.656684 0.134549 0.173611
0 0.896267 0.478407 0.167535 0.175998
3 0.574363 0.664497 0.144097 0.165799
5 0.407697 0.471246 0.140046 0.159505
5 0.389468 0.304036 0.144676 0.163194
7 0.348235 0.89388 0.143808 0.153646
11 0.7432 0.772786 0.054688 0.038194
11 0.740017 0.652669 0.051215 0.041016
