4 0.630932 0.655165 0.218461 0.12717
0 0.543981 0.777995 0.243634 0.11849
2 0.458333 0.440864 0.219907 0.106554
6 0.567564 0.11122 0.203414 0.102214
1 0.458767 0.545681 0.219618 0.11046
7 0.758536 0.870551 0.253762 0.136502
0 0.389612 0.773763 0.086516 0.111328
7 0.477286 0.896484 0.239294 0.123698
4 0.479745 0.659939 0.081597 0.102865
3 0.480469 0.340603 0.216146 0.099609
5 0.581308 0.204427 0.221644 0.09592
4 0.405527 0.657769 0.075521 0.103299
5 0.420428 0.205512 0.119213 0.096354
6 0.425492 0.106988 0.08015 0.090712
11 0.600694 0.546441 0.048032 0.036458
