4 0.219329 0.709201 0.395833 0.394097
4 0.263889 0.482205 0.309028 0.065104
4 0.252315 0.404514 0.28588 0.081597
4 0.296875 0.335938 0.287037 0.060764
4 0.299769 0.275608 0.274306 0.054688
4 0.295718 0.207465 0.259259 0.078125
4 0.285301 0.133247 0.247685 0.068576
4 0.293981 0.072917 0.239583 0.046875
0 0.688657 0.777778 0.34375 0.423611
0 0.681713 0.518229 0.297454 0.107639
0 0.6875 0.426649 0.28588 0.068576
0 0.64294 0.361111 0.282407 0.086806
0 0.622685 0.276476 0.262731 0.101562
0 0.619213 0.203559 0.253472 0.080729
0 0.609375 0.135851 0.240741 0.080729
0 0.614005 0.074219 0.236111 0.070312
