4 0.321325 0.216905 0.180845 0.162977
0 0.527633 0.701063 0.198206 0.201172
7 0.315972 0.777669 0.269097 0.235026
7 0.248987 0.398655 0.262442 0.132378
6 0.51577 0.445312 0.19647 0.140625
7 0.312211 0.552517 0.261574 0.179253
2 0.810185 0.445747 0.163773 0.100694
7 0.157118 0.269748 0.228588 0.157118
5 0.612847 0.31901 0.14294 0.104601
11 0.657263 0.603082 0.05353 0.042969
1 0.66088 0.226997 0.179977 0.124566
11 0.311487 0.584093 0.061632 0.048394
11 0.78125 0.674154 0.050926 0.038845
0 0.603443 0.57053 0.190104 0.078125
2 0.827402 0.560655 0.175058 0.139106
11 0.668403 0.1977 0.052662 0.036458
0 0.590422 0.644748 0.182002 0.140191
1 0.792535 0.364692 0.154514 0.113064
5 0.5068 0.344293 0.199942 0.106554
6 0.641782 0.432075 0.144676 0.097656
4 0.444734 0.159831 0.167824 0.115668
4 0.416522 0.198568 0.132812 0.134115
11 0.442998 0.214301 0.052662 0.035373
7 0.773003 0.713867 0.182002 0.182943
