6 0.719076 0.434028 0.167318 0.263889
7 0.731445 0.733507 0.241536 0.339699
7 0.270399 0.338252 0.164931 0.244213
5 0.579753 0.437355 0.180773 0.213252
4 0.342339 0.119792 0.176866 0.203704
4 0.472548 0.162037 0.105252 0.210069
7 0.182943 0.579138 0.202257 0.286169
8 0.472982 0.779659 0.298828 0.344618
11 0.516276 0.756944 0.047743 0.064236
11 0.383789 0.444878 0.048394 0.061053
4 0.558702 0.130642 0.106988 0.195312
4 0.414822 0.172598 0.103082 0.198206
11 0.376519 0.208333 0.030816 0.059028
6 0.57921 0.298177 0.193142 0.162326
5 0.801649 0.380787 0.22092 0.259259
