0 0.483941 0.753472 0.108507 0.061343
0 0.472222 0.700231 0.107639 0.056713
0 0.461372 0.631944 0.115451 0.079861
0 0.46441 0.56713 0.114583 0.061343
0 0.444878 0.498843 0.117188 0.086806
0 0.423177 0.425926 0.122396 0.075231
0 0.40191 0.353009 0.121528 0.08912
0 0.361111 0.168403 0.171875 0.30787
4 0.642361 0.752315 0.111111 0.082176
4 0.630208 0.684606 0.111111 0.064815
4 0.637587 0.612847 0.113715 0.083333
4 0.630642 0.541088 0.117188 0.060185
4 0.614583 0.482639 0.116319 0.063657
4 0.621528 0.420718 0.114583 0.069444
4 0.622396 0.346644 0.119792 0.069444
4 0.579427 0.165509 0.165799 0.302083
10 0.795573 0.715278 0.115451 0.184028
11 0.356337 0.572917 0.042535 0.054398
11 0.322917 0.515046 0.043403 0.049769
