7 0.803964 0.132378 0.364873 0.193576
7 0.438223 0.264214 0.287905 0.153429
7 0.248843 0.12066 0.262153 0.134983
5 0.282118 0.660699 0.162616 0.165148
5 0.498264 0.635959 0.335648 0.166016
7 0.193432 0.267904 0.213831 0.148655
11 0.717448 0.296549 0.080729 0.059245
7 0.491319 0.117839 0.322338 0.154948
6 0.374277 0.435004 0.291956 0.178602
11 0.529948 0.580404 0.073785 0.058377
11 0.254196 0.570312 0.075521 0.051649
11 0.497685 0.060221 0.072338 0.061415
7 0.71658 0.320638 0.306424 0.171224
11 0.391204 0.445095 0.078704 0.060764
11 0.201968 0.295573 0.069444 0.052951
5 0.167824 0.614149 0.144676 0.146701
6 0.215856 0.461372 0.175926 0.136285
