1 0.505859 0.660735 0.098958 0.230035
2 0.311957 0.718605 0.138672 0.245081
0 0.486654 0.357928 0.134766 0.277778
7 0.735786 0.389612 0.177734 0.236979
3 0.1824 0.729745 0.151693 0.256944
4 0.325738 0.389757 0.092448 0.255208
7 0.857964 0.527633 0.097873 0.207465
7 0.742622 0.610243 0.104167 0.214699
4 0.224609 0.389468 0.118924 0.257523
0 0.582682 0.353733 0.100694 0.282118
2 0.410482 0.704572 0.073134 0.232639
11 0.14822 0.771846 0.047309 0.057581
4 0.130208 0.346644 0.189236 0.326389
11 0.398872 0.660301 0.040799 0.060185
1 0.58941 0.665509 0.137153 0.241898
