4 0.297309 0.31901 0.168692 0.179253
0 0.417245 0.759983 0.158565 0.148438
4 0.425926 0.258898 0.183449 0.144531
5 0.472512 0.443359 0.233218 0.115451
7 0.777344 0.659071 0.199942 0.152344
2 0.800926 0.542643 0.217014 0.113064
6 0.458044 0.543186 0.225116 0.127604
1 0.687645 0.295898 0.227141 0.14171
7 0.228588 0.808919 0.193287 0.159505
7 0.251013 0.633898 0.265914 0.143663
7 0.139902 0.391168 0.203993 0.178602
5 0.605903 0.403212 0.132523 0.119358
11 0.563947 0.688694 0.051505 0.041884
7 0.668547 0.796549 0.22772 0.131293
11 0.239005 0.663194 0.060185 0.041667
7 0.217593 0.504015 0.233218 0.123047
11 0.679977 0.7602 0.056713 0.036024
11 0.704138 0.257595 0.061632 0.038628
11 0.41739 0.313911 0.070891 0.041884
4 0.388455 0.279622 0.139757 0.148655
1 0.808883 0.445095 0.20978 0.137587
0 0.499277 0.717556 0.108507 0.136502
0 0.544271 0.673937 0.177083 0.101345
6 0.596933 0.524631 0.159144 0.106988
