7 0.801649 0.38954 0.239294 0.119358
1 0.24103 0.227756 0.261574 0.132161
7 0.569589 0.407878 0.247396 0.120877
3 0.208333 0.689019 0.240741 0.168837
0 0.506076 0.227214 0.230324 0.115451
2 0.257378 0.336806 0.256076 0.105903
1 0.584491 0.522895 0.23669 0.126085
3 0.605758 0.71148 0.198785 0.169054
5 0.82364 0.52691 0.224248 0.114149
3 0.264468 0.466363 0.233218 0.154948
6 0.83044 0.680013 0.231481 0.129557
0 0.797309 0.205621 0.102141 0.114366
0 0.727431 0.221246 0.070023 0.113498
0 0.657407 0.225369 0.088542 0.122613
