7 0.169271 0.66059 0.296296 0.155816
7 0.161748 0.464627 0.270833 0.117622
2 0.400752 0.59451 0.280671 0.140842
1 0.439236 0.466905 0.277199 0.142144
3 0.503617 0.287435 0.235822 0.107856
5 0.258536 0.382704 0.263021 0.114366
5 0.251157 0.255751 0.253472 0.11046
6 0.334057 0.162109 0.240451 0.105903
4 0.68533 0.343533 0.24103 0.107205
4 0.714699 0.474718 0.278935 0.156467
4 0.887297 0.23546 0.213831 0.140625
0 0.680411 0.225911 0.240451 0.109809
0 0.678241 0.123264 0.253472 0.117622
0 0.848669 0.335286 0.23669 0.128906
4 0.648872 0.766168 0.312211 0.203776
