0 0.446904 0.748698 0.254919 0.141493
7 0.397714 0.550347 0.277488 0.127604
2 0.727865 0.644748 0.290799 0.130642
3 0.747541 0.504232 0.26765 0.178602
1 0.735388 0.772135 0.30353 0.15408
3 0.408999 0.208876 0.221933 0.159071
1 0.412037 0.367622 0.269676 0.145399
3 0.762008 0.260851 0.261285 0.172743
5 0.14728 0.387695 0.229745 0.11697
7 0.147569 0.543403 0.259259 0.125434
6 0.16059 0.225477 0.266204 0.151042
0 0.129485 0.740017 0.097512 0.120226
0 0.287326 0.732964 0.08912 0.119141
0 0.209057 0.731879 0.078993 0.120009
