9 0.117332 0.725369 0.257812 0.207248
3 0.212529 0.509332 0.207465 0.147569
1 0.453559 0.34158 0.210359 0.097222
2 0.245081 0.386827 0.212384 0.113932
1 0.235532 0.276042 0.225694 0.122396
7 0.661314 0.501628 0.193576 0.111328
5 0.39048 0.694119 0.221354 0.125651
2 0.434172 0.564562 0.217882 0.127821
2 0.456453 0.441949 0.185475 0.103082
6 0.368779 0.815213 0.234664 0.136936
0 0.646412 0.272244 0.191551 0.119575
0 0.666233 0.381185 0.175637 0.102648
0 0.335938 0.132378 0.204282 0.161892
0 0.497106 0.197049 0.202546 0.108507
11 0.603154 0.574327 0.049479 0.035373
11 0.581308 0.641819 0.050347 0.042752
