6 0.522244 0.893663 0.136502 0.197627
5 0.705404 0.867766 0.128255 0.220486
5 0.61773 0.881076 0.077908 0.206019
7 0.333767 0.826823 0.150174 0.22772
7 0.439996 0.497541 0.138238 0.280961
7 0.435547 0.173322 0.165365 0.34375
11 0.294488 0.518229 0.055122 0.085648
10 0.18826 0.582031 0.179036 0.271123
8 0.17372 0.251591 0.338325 0.295428
3 0.615017 0.591725 0.141059 0.256944
1 0.753364 0.59592 0.135634 0.234086
1 0.856879 0.588542 0.116536 0.245949
0 0.648872 0.222801 0.176215 0.34375
0 0.746528 0.261429 0.116753 0.297743
0 0.823351 0.263166 0.11849 0.2989
0 0.923828 0.248698 0.095052 0.311053
