7 0.38954 0.198351 0.119358 0.239294
1 0.227756 0.75897 0.132161 0.261574
7 0.407878 0.430411 0.120877 0.247396
3 0.689019 0.791667 0.168837 0.240741
0 0.227214 0.493924 0.115451 0.230324
2 0.336806 0.742622 0.105903 0.256076
1 0.522895 0.415509 0.126085 0.23669
3 0.71148 0.394242 0.169054 0.198785
5 0.52691 0.17636 0.114149 0.224248
3 0.466363 0.735532 0.154948 0.233218
6 0.680013 0.16956 0.129557 0.231481
0 0.205621 0.202691 0.114366 0.102141
0 0.221246 0.272569 0.113498 0.070023
0 0.225369 0.342593 0.122613 0.088542
