0 0.256402 0.811053 0.166884 0.286458
4 0.305122 0.184028 0.12066 0.211806
7 0.330621 0.506944 0.129123 0.247106
7 0.437717 0.786748 0.148872 0.270255
7 0.629449 0.187645 0.161241 0.207465
6 0.756727 0.375579 0.097656 0.236111
6 0.760742 0.612558 0.107856 0.244792
7 0.612305 0.469907 0.186415 0.269676
7 0.616102 0.762587 0.161458 0.253183
7 0.495551 0.349537 0.1352 0.240741
11 0.183268 0.531105 0.054036 0.063947
11 0.417318 0.159433 0.041233 0.061343
11 0.469293 0.546296 0.039714 0.05787
11 0.228516 0.337384 0.041667 0.056134
11 0.669705 0.59809 0.03776 0.056134
