7 0.604492 0.41739 0.098741 0.193576
7 0.875326 0.596788 0.100911 0.205729
6 0.239909 0.803675 0.175564 0.22772
5 0.091797 0.782697 0.123698 0.222222
4 0.336806 0.550492 0.105903 0.219039
7 0.773872 0.509259 0.103733 0.210069
0 0.550998 0.628183 0.155382 0.230903
8 0.660265 0.790799 0.218967 0.219329
5 0.09668 0.524595 0.104384 0.196759
6 0.21365 0.530093 0.150825 0.203704
11 0.468967 0.397569 0.03559 0.057292
11 0.42947 0.409288 0.036892 0.050058
7 0.696181 0.460359 0.120226 0.207755
0 0.497504 0.563802 0.085286 0.203414
4 0.409071 0.620515 0.103733 0.20978
6 0.226128 0.668113 0.114583 0.186921
5 0.067708 0.612269 0.126302 0.174769
