0 0.584635 0.380208 0.261863 0.226128
6 0.198206 0.820747 0.252315 0.178385
4 0.542101 0.79503 0.153646 0.152127
0 0.653212 0.237847 0.249132 0.135417
11 0.178819 0.667209 0.078125 0.049262
5 0.353443 0.543294 0.315683 0.194227
7 0.453704 0.663194 0.259838 0.123698
2 0.683449 0.523438 0.25 0.157986
11 0.261429 0.391168 0.075521 0.057075
11 0.338831 0.938911 0.054398 0.042318
11 0.676649 0.336806 0.066262 0.067708
3 0.721354 0.653971 0.239583 0.137804
11 0.762442 0.658312 0.056713 0.04145
11 0.754196 0.813694 0.049479 0.048828
11 0.413194 0.698134 0.064236 0.043837
0 0.704282 0.339844 0.144676 0.150174
0 0.602141 0.13878 0.274884 0.191623
6 0.312934 0.775174 0.17853 0.127604
4 0.648438 0.761393 0.107639 0.118273
7 0.738715 0.8227 0.186921 0.142795
3 0.734086 0.583767 0.203704 0.113715
7 0.364294 0.930447 0.243056 0.134766
7 0.192274 0.407986 0.353299 0.268229
