6 0.328704 0.810872 0.264468 0.154731
6 0.608652 0.806641 0.244502 0.144097
7 0.162037 0.443576 0.270255 0.151042
0 0.157697 0.283203 0.267361 0.128038
7 0.796441 0.653429 0.232928 0.174479
7 0.486256 0.627713 0.287905 0.201606
4 0.738137 0.334852 0.21875 0.104601
7 0.434028 0.347222 0.240741 0.121528
7 0.17173 0.630425 0.293692 0.203993
7 0.601707 0.49707 0.249132 0.119575
11 0.39974 0.46441 0.059896 0.042535
11 0.780961 0.426649 0.056713 0.041233
11 0.349248 0.685764 0.071181 0.045573
11 0.586227 0.267904 0.052662 0.041016
11 0.41088 0.22526 0.059028 0.03559
