7 0.607964 0.257812 0.191623 0.175926
0 0.326714 0.185764 0.168186 0.153356
7 0.427083 0.432292 0.179253 0.228588
7 0.242188 0.632812 0.194444 0.222222
7 0.41276 0.748987 0.179253 0.290799
5 0.756619 0.476273 0.156467 0.260995
6 0.649957 0.530816 0.107205 0.249132
7 0.642253 0.821759 0.223307 0.267361
11 0.162543 0.502604 0.053385 0.067708
0 0.309462 0.270255 0.161892 0.116898
0 0.332031 0.35706 0.155816 0.129051
6 0.562174 0.539497 0.138672 0.252025
11 0.409831 0.73423 0.04796 0.065104
10 0.165799 0.488281 0.184462 0.217882
