6 0.583478 0.594618 0.230035 0.111979
0 0.201534 0.791775 0.285012 0.156467
2 0.786458 0.305339 0.23206 0.128906
4 0.171152 0.634657 0.246238 0.127387
7 0.502459 0.728082 0.239294 0.130642
5 0.334057 0.477648 0.264757 0.119358
4 0.173756 0.238281 0.249132 0.125868
5 0.600116 0.472331 0.241319 0.116536
11 0.822193 0.60612 0.054109 0.037326
10 0.480758 0.327365 0.22309 0.132161
5 0.650897 0.167209 0.253762 0.123481
7 0.771412 0.725477 0.225694 0.121528
11 0.245804 0.363607 0.063947 0.043186
3 0.855758 0.453885 0.233507 0.166884
