1 0.814996 0.377459 0.245009 0.264757
4 0.378798 0.803964 0.132595 0.251447
3 0.619792 0.477431 0.151476 0.255787
0 0.197049 0.67853 0.12066 0.220486
6 0.270616 0.412326 0.144531 0.234375
5 0.417318 0.472512 0.119358 0.240162
11 0.909397 0.194444 0.055339 0.058449
2 0.210069 0.250723 0.137153 0.238715
11 0.484918 0.244936 0.051866 0.066262
3 0.46799 0.221788 0.181207 0.248553
11 0.185872 0.743634 0.04145 0.056713
11 0.161567 0.202402 0.042752 0.07147
11 0.243273 0.415509 0.03776 0.059606
4 0.430339 0.772714 0.095052 0.194155
6 0.305122 0.5068 0.099392 0.149595
3 0.171549 0.191406 0.127387 0.198785
2 0.745009 0.499421 0.149306 0.200231
11 0.582465 0.533854 0.045139 0.059028
7 0.857313 0.194444 0.253255 0.260417
11 0.43316 0.420573 0.043403 0.049479
