10 0.882378 0.240162 0.150174 0.215278
1 0.475260 0.467593 0.134549 0.181713
1 0.446615 0.635417 0.143229 0.278935
2 0.610243 0.642940 0.173611 0.305556
2 0.622830 0.452546 0.143229 0.156250
3 0.785590 0.453125 0.140625 0.189815
3 0.790799 0.634838 0.170139 0.312500
6 0.287760 0.429398 0.120660 0.107639
6 0.291233 0.541667 0.134549 0.137731
6 0.308160 0.747685 0.156250 0.299769
5 0.156684 0.465856 0.118924 0.134259
5 0.144531 0.598958 0.125868 0.166667
5 0.128038 0.787037 0.148438 0.311343
11 0.467448 0.837384 0.046007 0.081019
11 0.635851 0.875579 0.054688 0.083333
