4 0.583225 0.314091 0.188585 0.168692
4 0.653212 0.494647 0.158854 0.182002
1 0.600694 0.743056 0.148438 0.212963
0 0.207031 0.377604 0.105469 0.119792
6 0.373589 0.455295 0.097873 0.224826
1 0.452582 0.812355 0.110894 0.172164
7 0.40332 0.205729 0.10612 0.265625
5 0.455621 0.479022 0.098307 0.235822
7 0.517036 0.128038 0.167752 0.219039
5 0.491753 0.622251 0.105469 0.140336
7 0.296549 0.226852 0.116102 0.238426
7 0.175673 0.209201 0.11263 0.214699
7 0.28776 0.710214 0.105903 0.161169
2 0.374023 0.772135 0.088759 0.188368
0 0.273438 0.506655 0.078993 0.160301
11 0.578885 0.45761 0.043186 0.061632
11 0.629991 0.774016 0.040365 0.056713
11 0.21072 0.604745 0.030382 0.050347
4 0.614149 0.433015 0.164497 0.137442
11 0.269531 0.222078 0.030816 0.052951
11 0.254232 0.521701 0.030599 0.04456
7 0.198134 0.589265 0.099392 0.182002
0 0.238824 0.451823 0.095703 0.143229
6 0.389323 0.600694 0.085938 0.144676
