4 0.439779 0.357784 0.094401 0.206887
7 0.917318 0.318287 0.160156 0.247106
5 0.745009 0.50651 0.104167 0.132234
6 0.62424 0.303096 0.171658 0.24566
5 0.748698 0.330729 0.117188 0.218171
0 0.095378 0.494647 0.150391 0.228299
4 0.200738 0.235388 0.162326 0.189525
0 0.235352 0.558015 0.096571 0.200521
11 0.91862 0.297743 0.047309 0.05787
11 0.76454 0.390625 0.041233 0.054398
4 0.520291 0.342014 0.080512 0.228009
4 0.301649 0.319878 0.130642 0.184896
0 0.175781 0.541522 0.134983 0.214988
4 0.233615 0.330295 0.146484 0.118924
4 0.377279 0.336806 0.094401 0.217014
6 0.639214 0.467593 0.106988 0.157986
7 0.895399 0.448061 0.126302 0.20978
