6 0.097765 0.363715 0.140842 0.235532
5 0.221246 0.526042 0.114366 0.133102
2 0.488064 0.465422 0.101997 0.209201
4 0.689128 0.291377 0.119141 0.194444
0 0.784397 0.375579 0.101345 0.209491
7 0.857205 0.185619 0.104167 0.224248
0 0.78125 0.512297 0.088542 0.074942
1 0.589301 0.46412 0.10178 0.20081
3 0.380642 0.449797 0.110243 0.218461
7 0.871745 0.429253 0.09375 0.186053
5 0.219727 0.347656 0.121745 0.250289
6 0.090495 0.528646 0.125868 0.104167
4 0.68826 0.436053 0.091363 0.074653
4 0.685655 0.503183 0.087891 0.07581
11 0.593316 0.324074 0.039062 0.046875
