4 0.64294 0.275608 0.243056 0.306424
4 0.648148 0.454861 0.232639 0.064236
4 0.662037 0.522569 0.244213 0.088542
4 0.644676 0.594184 0.237269 0.077257
4 0.650463 0.655382 0.228009 0.074653
4 0.659722 0.726128 0.228009 0.084201
4 0.672454 0.802951 0.230324 0.081597
4 0.671875 0.878038 0.236111 0.068576
0 0.328704 0.240885 0.237269 0.296007
0 0.318866 0.427951 0.240741 0.104167
0 0.319444 0.517795 0.230324 0.082465
0 0.354167 0.578125 0.21875 0.074653
0 0.364583 0.657552 0.230324 0.09809
0 0.365741 0.736111 0.237269 0.083333
0 0.374421 0.812066 0.233796 0.08941
0 0.372685 0.884983 0.239583 0.080729
