11 0.50463 0.256076 0.069444 0.049479
11 0.622106 0.224392 0.072917 0.053819
11 0.842593 0.260417 0.076389 0.059896
11 0.666667 0.667101 0.064815 0.039931
11 0.375579 0.772569 0.054398 0.039062
10 0.369792 0.659722 0.241898 0.106771
1 0.40625 0.523003 0.277778 0.138889
1 0.291667 0.56467 0.261574 0.114583
2 0.356481 0.369792 0.296296 0.162326
2 0.282407 0.437934 0.270833 0.131944
3 0.254051 0.295573 0.28125 0.144097
9 0.532407 0.811632 0.240741 0.200521
8 0.737847 0.427083 0.306713 0.301215
8 0.822338 0.714844 0.255787 0.230903
