4 0.256366 0.732205 0.233796 0.306424
4 0.297454 0.544705 0.234954 0.087674
4 0.243056 0.471354 0.239583 0.092014
4 0.240741 0.400608 0.232639 0.091146
4 0.217014 0.326823 0.233796 0.094618
4 0.238426 0.248264 0.232639 0.102431
4 0.243634 0.169705 0.224537 0.092882
4 0.257523 0.092014 0.224537 0.086806
0 0.716435 0.786024 0.278935 0.337674
0 0.69213 0.580729 0.267361 0.098958
0 0.670718 0.486979 0.25463 0.095486
0 0.664931 0.403212 0.263889 0.087674
0 0.666088 0.312066 0.270833 0.108507
0 0.688657 0.214844 0.271991 0.09809
0 0.696759 0.136719 0.28125 0.08941
0 0.688657 0.064236 0.267361 0.078125
