7 0.46441 0.826389 0.212384 0.12283
7 0.242477 0.68457 0.231481 0.135634
7 0.573206 0.604058 0.232639 0.145182
7 0.742766 0.241211 0.268519 0.178168
7 0.760706 0.101562 0.278356 0.168403
6 0.134693 0.348633 0.241609 0.193793
5 0.252894 0.469835 0.234375 0.171441
5 0.607205 0.48329 0.230613 0.105469
5 0.492911 0.718316 0.229456 0.135417
5 0.578125 0.899306 0.210648 0.095052
2 0.646557 0.807292 0.195312 0.15191
1 0.827112 0.737739 0.223669 0.106988
3 0.842014 0.508681 0.24537 0.141493
0 0.382089 0.604926 0.165799 0.14822
0 0.435041 0.502387 0.215567 0.107639
0 0.615162 0.351562 0.194444 0.174479
4 0.375145 0.298394 0.183738 0.205729
4 0.509404 0.287977 0.228299 0.134115
4 0.872975 0.381185 0.191551 0.182509
4 0.767216 0.623589 0.237558 0.154297
