0 0.808919 0.655671 0.128255 0.258681
5 0.322808 0.66985 0.125651 0.242477
7 0.174805 0.683304 0.137804 0.257234
5 0.304145 0.472801 0.122613 0.116319
6 0.468099 0.661603 0.128472 0.267072
4 0.620226 0.800492 0.121094 0.271123
11 0.312174 0.610532 0.044054 0.065394
4 0.61339 0.50897 0.125217 0.077546
4 0.599392 0.447483 0.122396 0.048322
6 0.435004 0.475405 0.138238 0.119792
4 0.596463 0.387731 0.121311 0.073495
4 0.608073 0.578125 0.120226 0.059028
0 0.792209 0.39511 0.126953 0.079572
4 0.611654 0.630208 0.127821 0.061343
0 0.791884 0.474537 0.133247 0.092593
7 0.146376 0.491464 0.123047 0.152488
11 0.171549 0.71875 0.054905 0.06713
