3 0.487196 0.206019 0.15842 0.242477
2 0.629557 0.189236 0.128906 0.285301
0 0.761936 0.451968 0.152344 0.248843
7 0.565647 0.521991 0.121745 0.261574
7 0.581923 0.757089 0.120009 0.233507
5 0.456272 0.76548 0.111762 0.213831
1 0.756727 0.162471 0.16276 0.300058
3 0.270725 0.164207 0.14388 0.238137
1 0.447266 0.532986 0.121094 0.23669
0 0.76161 0.622541 0.126085 0.086516
3 0.283203 0.547743 0.126736 0.203125
0 0.787109 0.773438 0.135417 0.090278
6 0.318251 0.750289 0.134332 0.217014
0 0.766493 0.698495 0.128472 0.068866
