5 0.312826 0.705295 0.1352 0.249132
7 0.160048 0.71658 0.127387 0.268229
6 0.444661 0.710938 0.147569 0.267361
0 0.782661 0.723524 0.126953 0.253762
5 0.288411 0.511574 0.126302 0.116319
4 0.58724 0.840712 0.139323 0.217303
4 0.601454 0.570457 0.117405 0.087674
4 0.590386 0.445312 0.119141 0.073495
4 0.595161 0.636429 0.123047 0.058738
4 0.592665 0.5068 0.122396 0.056424
0 0.791341 0.464265 0.132595 0.081887
11 0.294922 0.651476 0.044271 0.06684
4 0.597439 0.688802 0.116753 0.060475
7 0.120334 0.524306 0.141276 0.152199
0 0.782878 0.550637 0.123915 0.081597
6 0.420681 0.524595 0.139974 0.117477
11 0.151367 0.746238 0.054905 0.061921
