0 0.864005 0.275174 0.210648 0.194878
7 0.561632 0.397569 0.242477 0.195312
6 0.446759 0.550239 0.265625 0.149957
5 0.508825 0.73036 0.300637 0.138672
7 0.762876 0.590278 0.221354 0.196615
7 0.346644 0.225911 0.228588 0.191406
7 0.236979 0.401042 0.280671 0.176215
7 0.1739 0.611003 0.236111 0.206814
11 0.47309 0.136719 0.055556 0.038628
11 0.236256 0.406901 0.069155 0.045573
10 0.50217 0.139865 0.247975 0.19987
0 0.772569 0.265408 0.129051 0.182726
0 0.672743 0.299045 0.165509 0.191406
6 0.456308 0.640951 0.243056 0.086155
