4 0.699942 0.584418 0.185185 0.109809
7 0.680411 0.12283 0.213831 0.133247
7 0.548611 0.314996 0.203125 0.110026
6 0.868345 0.734809 0.20544 0.146701
7 0.517361 0.40408 0.152778 0.099392
8 0.87717 0.347331 0.238715 0.22678
0 0.715278 0.454427 0.21875 0.131944
5 0.840567 0.838216 0.195023 0.098307
6 0.630208 0.734375 0.158565 0.113715
5 0.624277 0.822374 0.150174 0.080078
7 0.594473 0.229492 0.205729 0.094401
11 0.5068 0.526801 0.05353 0.036241
11 0.514178 0.560113 0.04919 0.032118
0 0.653646 0.500651 0.172454 0.079861
4 0.645399 0.642036 0.180845 0.071398
6 0.748698 0.735026 0.166377 0.097656
5 0.698061 0.852865 0.147859 0.097656
