1 0.299769 0.495877 0.275463 0.15191
1 0.432581 0.317166 0.233218 0.13303
2 0.256221 0.655382 0.242188 0.105903
0 0.611256 0.571072 0.253183 0.145182
6 0.863137 0.529297 0.209491 0.111979
0 0.76331 0.672526 0.21412 0.083767
4 0.729167 0.239041 0.247106 0.133898
6 0.885995 0.381402 0.212384 0.139106
7 0.593605 0.441732 0.234086 0.119575
8 0.478733 0.790256 0.300637 0.183811
5 0.388455 0.113281 0.285012 0.197049
11 0.643663 0.683811 0.049479 0.040799
11 0.469763 0.654731 0.046586 0.043837
11 0.328414 0.421549 0.056713 0.044922
