5 0.507487 0.328704 0.093099 0.128472
7 0.621636 0.243345 0.105252 0.179977
1 0.436306 0.518663 0.109158 0.223669
9 0.797201 0.284433 0.161241 0.193866
4 0.101128 0.323206 0.125 0.186343
5 0.508898 0.165365 0.102431 0.202836
9 0.811523 0.459491 0.187283 0.181134
0 0.256836 0.40162 0.115668 0.213542
4 0.110352 0.480035 0.112196 0.09375
6 0.405382 0.32581 0.116753 0.133102
4 0.109158 0.57147 0.115451 0.08912
7 0.63303 0.3886 0.098524 0.101273
11 0.811849 0.14511 0.039497 0.050637
7 0.637912 0.479022 0.095269 0.08478
6 0.411458 0.157841 0.109809 0.207465
11 0.762153 0.142216 0.036892 0.050637
0 0.274197 0.550637 0.111328 0.095486
