0 0.769097 0.29456 0.326389 0.270833
0 0.556858 0.278356 0.110243 0.270833
0 0.468316 0.273148 0.077257 0.265046
0 0.395833 0.317708 0.088542 0.25463
0 0.309896 0.335069 0.116319 0.236111
0 0.228733 0.334491 0.105035 0.246528
0 0.15191 0.353009 0.114583 0.228009
0 0.078993 0.350694 0.107639 0.230324
4 0.712674 0.631366 0.307292 0.25463
4 0.53125 0.621528 0.057292 0.230324
4 0.46224 0.633102 0.085938 0.21412
4 0.405816 0.605324 0.061632 0.22338
4 0.342014 0.609954 0.071181 0.221065
4 0.269097 0.626157 0.090278 0.202546
4 0.196615 0.635995 0.096354 0.201389
4 0.126736 0.642361 0.076389 0.202546
