7 0.29919 0.757378 0.224537 0.182726
7 0.595341 0.277669 0.305845 0.225477
6 0.555122 0.742947 0.247975 0.156467
4 0.837095 0.489149 0.273727 0.102431
7 0.305411 0.228733 0.278646 0.233941
6 0.679977 0.611871 0.191551 0.206814
4 0.873553 0.318793 0.232639 0.241319
8 0.203125 0.552517 0.342014 0.271701
11 0.479167 0.436523 0.061921 0.054905
11 0.217014 0.596246 0.056713 0.047092
5 0.625723 0.807834 0.258391 0.17296
5 0.521991 0.617405 0.193287 0.152778
4 0.871528 0.586372 0.217014 0.103299
4 0.811632 0.40191 0.270833 0.151042
11 0.763021 0.388129 0.064236 0.049696
