6 0.443685 0.125289 0.17947 0.243634
6 0.281684 0.191117 0.188368 0.257812
0 0.644097 0.141927 0.142795 0.276331
1 0.319336 0.6807 0.136936 0.228877
4 0.190538 0.430556 0.153646 0.262731
1 0.518446 0.746383 0.129774 0.253183
7 0.404622 0.474826 0.164714 0.280093
5 0.163411 0.78125 0.136285 0.262153
0 0.54579 0.379196 0.200521 0.260127
2 0.703993 0.728877 0.143663 0.270833
8 0.850369 0.409288 0.26237 0.355035
11 0.665256 0.509983 0.054036 0.055266
11 0.434787 0.753328 0.042752 0.057002
11 0.675998 0.287471 0.041233 0.055266
