3 0.429977 0.119358 0.337963 0.179688
3 0.230324 0.131944 0.177083 0.149306
2 0.43287 0.315972 0.329861 0.194444
2 0.230903 0.311198 0.162037 0.165799
1 0.418981 0.498698 0.311343 0.167535
1 0.236111 0.480469 0.181713 0.162326
6 0.199074 0.703993 0.109954 0.144097
6 0.318287 0.68967 0.146991 0.164062
6 0.541088 0.670573 0.335648 0.195312
5 0.228588 0.861111 0.141204 0.151042
5 0.381944 0.878906 0.195602 0.16059
5 0.58912 0.890625 0.364583 0.194444
11 0.635417 0.471354 0.082176 0.0625
11 0.673032 0.273003 0.083333 0.065104
