9 0.412616 0.790582 0.209491 0.240017
4 0.88614 0.600369 0.202257 0.138238
4 0.865307 0.806424 0.210359 0.152344
7 0.668403 0.639648 0.220486 0.116102
7 0.43316 0.529839 0.219329 0.126085
7 0.64974 0.522895 0.203414 0.096571
5 0.658999 0.414388 0.217882 0.092665
5 0.891204 0.429905 0.217593 0.08724
1 0.471065 0.383138 0.200231 0.109158
0 0.476852 0.283312 0.16956 0.089627
6 0.704427 0.32194 0.19184 0.10178
9 0.640914 0.840712 0.241319 0.227865
6 0.89294 0.340603 0.199074 0.100477
4 0.811053 0.21224 0.196181 0.096354
0 0.590712 0.194553 0.199942 0.110026
11 0.428819 0.188368 0.048032 0.030382
11 0.468027 0.103841 0.048322 0.031467
