7 0.409288 0.273727 0.146701 0.217593
7 0.529080 0.288773 0.110243 0.240741
7 0.629774 0.307292 0.125868 0.217593
7 0.749566 0.349537 0.143229 0.202546
7 0.792969 0.542824 0.157118 0.241898
7 0.661024 0.539352 0.141493 0.244213
7 0.561632 0.530671 0.145833 0.233796
7 0.432292 0.505208 0.157986 0.263889
7 0.519531 0.758681 0.160590 0.289352
7 0.643663 0.776620 0.171007 0.313657
7 0.771701 0.745949 0.180556 0.298611
0 0.259549 0.408565 0.152778 0.246528
0 0.141927 0.410301 0.098090 0.256944
4 0.311632 0.754051 0.173611 0.326389
4 0.177083 0.787616 0.149306 0.349537
