7 0.667245 0.815864 0.244213 0.133898
7 0.639902 0.439128 0.23235 0.119141
7 0.624855 0.181641 0.228877 0.112413
7 0.639323 0.311089 0.225984 0.11046
7 0.646557 0.553277 0.245081 0.10829
0 0.409722 0.541884 0.248264 0.088108
7 0.62066 0.688694 0.240741 0.126953
4 0.395978 0.381944 0.199363 0.122396
4 0.383536 0.766819 0.216146 0.103516
0 0.3886 0.67372 0.230903 0.086589
11 0.478877 0.314345 0.052662 0.041884
11 0.49349 0.381944 0.046586 0.045139
4 0.408131 0.464518 0.237558 0.081814
11 0.56684 0.382812 0.058449 0.042101
11 0.646123 0.632595 0.050926 0.044705
11 0.640625 0.534722 0.055556 0.038194
0 0.390625 0.618924 0.238426 0.102431
