0 0.089265 0.510851 0.177951 0.133247
1 0.387008 0.516385 0.256655 0.173394
7 0.335359 0.226128 0.1875 0.117622
7 0.603009 0.545898 0.277199 0.184679
7 0.18316 0.661892 0.233796 0.197049
7 0.423466 0.741102 0.284433 0.197917
8 0.781539 0.696072 0.412037 0.312717
10 0.699219 0.325087 0.265914 0.157118
3 0.379919 0.368056 0.258102 0.131076
11 0.709925 0.177083 0.055266 0.03776
0 0.081019 0.367622 0.122685 0.13151
9 0.829138 0.10395 0.238137 0.141927
2 0.315972 0.443251 0.159144 0.112196
0 0.129774 0.335612 0.111979 0.132161
0 0.208189 0.327908 0.16985 0.140191
11 0.211227 0.339627 0.045718 0.03342
11 0.347946 0.353733 0.049479 0.032552
