7 0.487847 0.633464 0.242477 0.141927
7 0.450087 0.32997 0.249711 0.132161
5 0.758247 0.356879 0.22309 0.154297
7 0.196904 0.720812 0.274595 0.144748
6 0.814815 0.544162 0.247685 0.200738
7 0.496238 0.464952 0.240162 0.126953
7 0.565828 0.214735 0.234664 0.130859
1 0.446759 0.796658 0.242477 0.114149
0 0.132234 0.535916 0.226273 0.123481
1 0.273438 0.171984 0.237269 0.130859
0 0.174334 0.363715 0.252025 0.151042
11 0.64077 0.714735 0.054109 0.041884
11 0.63151 0.790582 0.055845 0.046007
3 0.724392 0.662977 0.233507 0.154948
