0 0.135995 0.724826 0.210648 0.194878
7 0.438368 0.602431 0.242477 0.195312
6 0.553241 0.449761 0.265625 0.149957
5 0.491175 0.26964 0.300637 0.138672
7 0.237124 0.409722 0.221354 0.196615
7 0.653356 0.774089 0.228588 0.191406
7 0.763021 0.598958 0.280671 0.176215
7 0.8261 0.388997 0.236111 0.206814
11 0.52691 0.863281 0.055556 0.038628
11 0.763744 0.593099 0.069155 0.045573
10 0.49783 0.860135 0.247975 0.19987
0 0.227431 0.734592 0.129051 0.182726
0 0.327257 0.700955 0.165509 0.191406
6 0.543692 0.359049 0.243056 0.086155
