7 0.390625 0.521701 0.132378 0.217014
7 0.662326 0.487992 0.105469 0.209201
0 0.494249 0.175492 0.119141 0.250868
7 0.30523 0.219618 0.174696 0.278935
7 0.745768 0.586516 0.123047 0.208333
7 0.541667 0.525752 0.09592 0.211227
5 0.621419 0.749421 0.117839 0.177662
1 0.804688 0.335503 0.101128 0.219039
0 0.65115 0.237558 0.118273 0.239583
3 0.34592 0.73206 0.171007 0.20544
1 0.213216 0.476418 0.133464 0.219618
11 0.301975 0.663194 0.042752 0.052662
6 0.459418 0.812355 0.147135 0.199942
11 0.223633 0.658131 0.044054 0.052373
