6 0.810764 0.819444 0.177083 0.346065
6 0.714410 0.751157 0.126736 0.292824
6 0.641927 0.725694 0.120660 0.292824
5 0.523438 0.741898 0.135417 0.292824
5 0.438802 0.781829 0.193576 0.324074
3 0.549913 0.326968 0.144965 0.254630
2 0.414062 0.442130 0.128472 0.248843
2 0.356771 0.368056 0.107639 0.232639
1 0.253038 0.583912 0.174479 0.277778
1 0.258681 0.436921 0.144097 0.210648
11 0.347656 0.169560 0.047743 0.057870
11 0.500434 0.126157 0.039062 0.061343
11 0.579427 0.524884 0.051215 0.081019
11 0.538194 0.560764 0.052083 0.060185
10 0.296007 0.860532 0.170139 0.275463
