4 0.838397 0.36263 0.272859 0.151042
6 0.382234 0.414062 0.252315 0.128038
2 0.215133 0.706814 0.216725 0.111111
0 0.798756 0.175347 0.313368 0.193576
7 0.456742 0.263672 0.254919 0.138455
7 0.158131 0.267253 0.248553 0.1352
4 0.830006 0.772569 0.25897 0.115451
5 0.379485 0.544596 0.261863 0.119575
10 0.519531 0.686089 0.231192 0.121311
5 0.367188 0.829102 0.24537 0.107856
5 0.659144 0.535699 0.282986 0.123047
11 0.130787 0.411675 0.063079 0.044271
11 0.753906 0.654839 0.067419 0.042318
3 0.123987 0.566949 0.247396 0.162977
