6 0.749023 0.204572 0.148220 0.155671
5 0.642036 0.240017 0.136068 0.204572
5 0.347656 0.339844 0.157986 0.258391
5 0.585178 0.563802 0.124349 0.255498
0 0.590495 0.375579 0.127170 0.216435
0 0.499132 0.284433 0.166233 0.163773
0 0.704536 0.605179 0.143012 0.222512
4 0.761393 0.425058 0.147352 0.187500
4 0.763672 0.533709 0.107205 0.211516
4 0.644314 0.850694 0.174913 0.216435
4 0.410048 0.681568 0.158637 0.273438
7 0.201280 0.240885 0.151259 0.236400
7 0.466580 0.484954 0.132378 0.241319
7 0.776367 0.758391 0.143012 0.249421
7 0.868815 0.799769 0.115234 0.250579
3 0.526476 0.801215 0.121962 0.263310
1 0.240234 0.721354 0.163194 0.281250
2 0.179253 0.456453 0.241753 0.266493
5 0.066189 0.321759 0.131076 0.272569
7 0.433594 0.103299 0.125000 0.202546
