8 0.815430 0.815828 0.310981 0.295428
10 0.817600 0.482350 0.167318 0.289352
11 0.707791 0.547598 0.050564 0.081887
7 0.684679 0.213542 0.151042 0.243634
7 0.561740 0.562066 0.145616 0.294271
7 0.560004 0.859375 0.147352 0.281250
0 0.362196 0.834635 0.171441 0.330729
0 0.269748 0.788050 0.107639 0.280961
0 0.192925 0.781973 0.096788 0.283275
0 0.102865 0.807436 0.101128 0.312211
3 0.395942 0.456019 0.135634 0.274884
1 0.255751 0.453559 0.144748 0.263021
1 0.149414 0.454716 0.100477 0.269965
5 0.299588 0.153935 0.133030 0.237269
5 0.388129 0.139468 0.093099 0.240162
6 0.490777 0.128617 0.143012 0.237558
