11 0.858796 0.509115 0.075231 0.051215
11 0.888889 0.360243 0.079861 0.046875
3 0.667245 0.235243 0.291667 0.135417
3 0.490741 0.236111 0.184028 0.119792
2 0.66956 0.389323 0.293981 0.150174
2 0.490162 0.374566 0.168981 0.136285
1 0.479745 0.515625 0.164352 0.130208
1 0.655093 0.537326 0.28125 0.135417
6 0.435185 0.712674 0.112269 0.131944
6 0.549769 0.699219 0.146991 0.146701
6 0.776042 0.677951 0.331019 0.166667
5 0.459491 0.862847 0.146991 0.144097
5 0.612269 0.866753 0.184028 0.15191
5 0.810185 0.877604 0.341435 0.189236
10 0.304977 0.161892 0.217593 0.118924
