7 0.452112 0.360026 0.228877 0.138455
7 0.753906 0.266276 0.271701 0.155382
5 0.193576 0.618164 0.194444 0.130425
7 0.433304 0.521593 0.208623 0.109592
0 0.742477 0.646159 0.266782 0.131727
7 0.465712 0.663194 0.22309 0.124132
0 0.805411 0.467448 0.2636 0.12283
3 0.243056 0.321181 0.18287 0.184896
1 0.627749 0.837565 0.249132 0.125651
1 0.506655 0.187174 0.233218 0.116536
7 0.350405 0.766819 0.238426 0.147352
11 0.318721 0.275499 0.051794 0.038845
6 0.159144 0.438802 0.192708 0.15842
11 0.331597 0.202799 0.056713 0.036675
