0 0.248553 0.765082 0.234375 0.199002
7 0.717737 0.719076 0.170428 0.169922
7 0.353443 0.39247 0.233507 0.241102
6 0.647569 0.434245 0.231481 0.140625
5 0.605613 0.242622 0.265625 0.15408
0 0.444878 0.706163 0.197627 0.176215
7 0.545428 0.583442 0.206019 0.188151
7 0.865451 0.365126 0.171296 0.184679
7 0.799913 0.555122 0.19647 0.173611
11 0.623553 0.824761 0.054398 0.040148
10 0.596499 0.832682 0.198206 0.164497
11 0.810619 0.560655 0.045428 0.040582
6 0.654369 0.348524 0.204572 0.098524
0 0.362558 0.767795 0.143519 0.202257
