11 0.277778 0.427951 0.049769 0.043403
11 0.298611 0.478733 0.042824 0.037326
10 0.847801 0.720486 0.203704 0.210069
4 0.615741 0.706597 0.149306 0.090278
4 0.60706 0.628906 0.143519 0.06684
4 0.627894 0.572483 0.150463 0.072049
4 0.628472 0.50651 0.144676 0.065104
4 0.62037 0.449219 0.15625 0.052951
4 0.635417 0.397569 0.163194 0.060764
4 0.648727 0.338542 0.166667 0.071181
4 0.620949 0.210069 0.180556 0.222222
0 0.411458 0.657986 0.125 0.0625
0 0.40625 0.601562 0.126157 0.057292
0 0.402778 0.545573 0.123843 0.059896
0 0.417245 0.491319 0.12963 0.059028
0 0.406829 0.430122 0.131944 0.065104
0 0.401042 0.37717 0.136574 0.063368
0 0.385995 0.317274 0.127315 0.070312
0 0.382523 0.195747 0.143519 0.202257
