6 0.411603 0.37066 0.220197 0.105035
4 0.810909 0.326389 0.26765 0.117188
0 0.773582 0.20714 0.243345 0.118273
2 0.142795 0.647569 0.2636 0.132812
10 0.47772 0.623372 0.260995 0.148655
4 0.827691 0.724067 0.314525 0.155599
5 0.647425 0.470161 0.270544 0.119575
7 0.497541 0.262912 0.214988 0.094835
5 0.373553 0.479709 0.241898 0.108724
7 0.261574 0.268446 0.19213 0.081597
5 0.257957 0.804579 0.274016 0.151259
11 0.735966 0.578234 0.074363 0.046658
11 0.189236 0.364475 0.050926 0.036241
3 0.113137 0.503255 0.223958 0.140191
