7 0.273727 0.590712 0.217593 0.146701
7 0.288773 0.47092 0.240741 0.110243
7 0.307292 0.370226 0.217593 0.125868
7 0.349537 0.250434 0.202546 0.143229
7 0.542824 0.207031 0.241898 0.157118
7 0.539352 0.338976 0.244213 0.141493
7 0.530671 0.438368 0.233796 0.145833
7 0.505208 0.567708 0.263889 0.157986
7 0.758681 0.480469 0.289352 0.16059
7 0.77662 0.356337 0.313657 0.171007
7 0.745949 0.228299 0.298611 0.180556
0 0.408565 0.740451 0.246528 0.152778
0 0.410301 0.858073 0.256944 0.09809
4 0.754051 0.688368 0.326389 0.173611
4 0.787616 0.822917 0.349537 0.149306
