11 0.519965 0.694444 0.046875 0.075231
11 0.683160 0.728009 0.059028 0.075231
1 0.493924 0.481481 0.144097 0.311343
1 0.514757 0.266204 0.154514 0.207176
2 0.687500 0.275463 0.154514 0.214120
2 0.668403 0.489583 0.184028 0.329861
3 0.856337 0.480903 0.191840 0.342593
3 0.872396 0.264468 0.171875 0.231481
6 0.345052 0.599537 0.181424 0.320602
6 0.308594 0.376157 0.165799 0.177083
6 0.288194 0.237269 0.157986 0.146991
5 0.137153 0.280671 0.163194 0.171296
5 0.140625 0.454282 0.171875 0.180556
5 0.159288 0.646412 0.195312 0.317130
