9 0.484954 0.241211 0.239583 0.199002
4 0.287616 0.875977 0.177662 0.087891
9 0.278791 0.166992 0.230613 0.205946
7 0.479745 0.465061 0.22338 0.133247
7 0.273727 0.487956 0.226852 0.107856
5 0.280382 0.586806 0.188657 0.085938
6 0.1318 0.710178 0.236979 0.129123
7 0.233362 0.371745 0.239873 0.137587
0 0.329427 0.79579 0.180845 0.09375
1 0.484375 0.627496 0.184028 0.091797
0 0.44647 0.754883 0.162037 0.097439
11 0.127894 0.200195 0.059028 0.049262
4 0.418113 0.86773 0.084491 0.087457
11 0.12066 0.265408 0.05787 0.046007
4 0.481771 0.85829 0.061921 0.082899
6 0.284288 0.710178 0.122975 0.090495
5 0.134404 0.608615 0.228299 0.110894
