7 0.442419 0.677843 0.208333 0.143012
6 0.368779 0.479926 0.16522 0.129123
7 0.701823 0.840495 0.17853 0.098958
4 0.480035 0.852105 0.204861 0.13954
0 0.833623 0.729384 0.140625 0.140191
9 0.835359 0.52322 0.232639 0.187066
8 0.235388 0.704427 0.28559 0.22092
0 0.658999 0.675347 0.135127 0.141927
5 0.483073 0.416667 0.143808 0.152778
9 0.694734 0.38878 0.254051 0.16862
7 0.666377 0.532444 0.130787 0.139106
4 0.462818 0.791341 0.194155 0.090495
11 0.687066 0.533529 0.036748 0.028863
11 0.55599 0.561632 0.050637 0.030816
11 0.65408 0.682292 0.046007 0.029948
7 0.532697 0.567925 0.185764 0.135851
0 0.723958 0.699978 0.119792 0.128255
0 0.760851 0.740668 0.083044 0.094184
6 0.388021 0.431966 0.125 0.125651
11 0.469329 0.885742 0.042245 0.034071
11 0.859375 0.567166 0.043403 0.031033
