9 0.825738 0.28559 0.207465 0.230324
9 0.811306 0.48235 0.202474 0.203125
5 0.494792 0.159433 0.11849 0.236111
1 0.411458 0.532552 0.111545 0.198785
4 0.093207 0.338831 0.111328 0.186921
4 0.120334 0.565538 0.098741 0.076678
7 0.617405 0.244647 0.098958 0.239873
0 0.239583 0.418837 0.115451 0.214988
7 0.617405 0.411024 0.101562 0.100984
4 0.112305 0.482205 0.109592 0.090567
6 0.379883 0.34158 0.118273 0.14265
5 0.488281 0.349537 0.106771 0.144676
0 0.261285 0.556858 0.106771 0.082465
11 0.797852 0.118779 0.044922 0.054109
7 0.61773 0.503617 0.11046 0.08478
6 0.382704 0.150897 0.115234 0.242766
11 0.86263 0.125145 0.050347 0.062789
