1 0.397569 0.394821 0.155816 0.175058
0 0.393989 0.149595 0.126953 0.150463
7 0.694878 0.273293 0.140191 0.167535
9 0.878364 0.709057 0.231554 0.287905
11 0.766385 0.604601 0.041884 0.054109
7 0.376411 0.564815 0.186415 0.214120
0 0.579427 0.207610 0.139757 0.133970
7 0.221571 0.464988 0.152344 0.210648
3 0.543511 0.364149 0.121311 0.190104
7 0.278971 0.279369 0.156033 0.166956
8 0.263238 0.733507 0.252604 0.334491
10 0.596029 0.618779 0.162977 0.225405
0 0.526476 0.108218 0.140625 0.107639
2 0.458116 0.313368 0.099392 0.115741
0 0.561957 0.146123 0.133898 0.067708
11 0.553819 0.209491 0.030816 0.042245
11 0.546766 0.324074 0.035807 0.039352
