5 0.109375 0.714120 0.129340 0.234375
0 0.854818 0.483073 0.187500 0.253762
4 0.753364 0.795718 0.189019 0.203704
7 0.374240 0.358796 0.143446 0.267361
7 0.526910 0.352575 0.111111 0.250868
4 0.598850 0.705874 0.151693 0.225405
5 0.103299 0.511574 0.115885 0.149306
6 0.250326 0.736400 0.178168 0.304398
4 0.365017 0.680122 0.104167 0.272280
11 0.602973 0.535156 0.048394 0.060475
4 0.458442 0.663628 0.086155 0.257234
0 0.694444 0.416088 0.117188 0.236690
11 0.076063 0.645544 0.044488 0.062500
6 0.227431 0.556713 0.127170 0.202546
4 0.544054 0.679543 0.115451 0.268808
4 0.700955 0.681134 0.154948 0.133102
0 0.769206 0.424334 0.144314 0.227141
