8 0.31901 0.237847 0.251736 0.271991
8 0.620226 0.133681 0.305556 0.262731
9 0.759983 0.460069 0.3125 0.262731
10 0.543403 0.616319 0.132812 0.269676
1 0.389757 0.54456 0.138021 0.253472
1 0.430122 0.674769 0.121528 0.243056
2 0.256076 0.553819 0.125868 0.248843
2 0.314236 0.646991 0.108507 0.233796
3 0.198351 0.623264 0.107639 0.248843
11 0.684028 0.655093 0.047743 0.0625
11 0.543403 0.29456 0.051215 0.065972
11 0.168403 0.411458 0.040799 0.056713
11 0.145833 0.313657 0.039062 0.0625
11 0.169705 0.136574 0.039931 0.060185
