0 0.371528 0.670247 0.185185 0.182075
7 0.196759 0.523872 0.257523 0.151476
7 0.791956 0.570095 0.241898 0.175347
1 0.668692 0.206923 0.225694 0.113932
2 0.802517 0.437609 0.249132 0.125651
6 0.430845 0.432509 0.232639 0.134549
7 0.151476 0.720595 0.213831 0.194227
4 0.291667 0.225152 0.15625 0.138672
7 0.128617 0.286784 0.175058 0.144748
5 0.445168 0.335503 0.235243 0.101997
7 0.184896 0.390951 0.242477 0.119141
11 0.677373 0.677517 0.0625 0.038194
4 0.417679 0.172418 0.153646 0.1148
11 0.679109 0.167969 0.050926 0.03559
7 0.664931 0.724284 0.277778 0.158203
0 0.509115 0.563477 0.204572 0.120009
11 0.181279 0.548937 0.076678 0.046224
11 0.543258 0.589627 0.063947 0.034288
11 0.402922 0.214518 0.052951 0.027127
6 0.592882 0.41428 0.131366 0.115885
5 0.579572 0.300781 0.141204 0.107639
1 0.803241 0.338325 0.219329 0.131944
0 0.466869 0.620877 0.139757 0.172743
4 0.376447 0.198134 0.115741 0.128472
