1 0.495877 0.700231 0.15191 0.275463
1 0.317166 0.567419 0.13303 0.233218
2 0.655382 0.743779 0.105903 0.242188
0 0.571072 0.388744 0.145182 0.253183
6 0.529297 0.136863 0.111979 0.209491
0 0.672526 0.23669 0.083767 0.21412
4 0.239041 0.270833 0.133898 0.247106
6 0.381402 0.114005 0.139106 0.212384
7 0.441732 0.406395 0.119575 0.234086
8 0.790256 0.521267 0.183811 0.300637
5 0.113281 0.611545 0.197049 0.285012
11 0.683811 0.356337 0.040799 0.049479
11 0.654731 0.530237 0.043837 0.046586
11 0.421549 0.671586 0.044922 0.056713
