4 0.412001 0.215278 0.177734 0.145255
1 0.644965 0.186777 0.165799 0.154803
0 0.607096 0.617332 0.167318 0.147859
4 0.410373 0.071181 0.181424 0.135995
0 0.581706 0.760561 0.161675 0.140914
0 0.569227 0.895833 0.160156 0.147569
6 0.78418 0.556713 0.152561 0.146412
5 0.605794 0.415799 0.165582 0.144676
2 0.412109 0.444155 0.179688 0.16088
7 0.158312 0.466001 0.182509 0.16059
3 0.401693 0.587674 0.170573 0.155671
7 0.14822 0.314959 0.181424 0.162905
11 0.41428 0.754196 0.039062 0.051794
11 0.298611 0.753617 0.038194 0.054688
5 0.77832 0.414931 0.16645 0.154514
