6 0.661784 0.861545 0.156467 0.253183
5 0.522678 0.707031 0.094835 0.194734
7 0.31977 0.760127 0.117405 0.222801
9 0.162001 0.731337 0.150391 0.195891
7 0.397135 0.525174 0.128472 0.219329
4 0.865885 0.522714 0.107639 0.088252
4 0.871745 0.681424 0.121962 0.197917
0 0.765842 0.637876 0.128906 0.221354
7 0.42513 0.717303 0.094618 0.225116
1 0.564128 0.492477 0.095269 0.215278
4 0.854818 0.447049 0.115017 0.075231
9 0.218207 0.555266 0.180339 0.170139
11 0.233398 0.859809 0.034071 0.050637
11 0.182834 0.853154 0.035373 0.050637
5 0.547418 0.851997 0.118707 0.228299
6 0.659071 0.698061 0.112413 0.143808
0 0.710178 0.489439 0.109158 0.15191
