6 0.250977 0.795428 0.14822 0.155671
5 0.357964 0.759983 0.136068 0.204572
5 0.652344 0.660156 0.157986 0.258391
5 0.414822 0.436198 0.124349 0.255498
0 0.409505 0.624421 0.12717 0.216435
0 0.500868 0.715567 0.166233 0.163773
0 0.295464 0.394821 0.143012 0.222512
4 0.238607 0.574942 0.147352 0.1875
4 0.236328 0.466291 0.107205 0.211516
4 0.355686 0.149306 0.174913 0.216435
4 0.589952 0.318432 0.158637 0.273438
7 0.79872 0.759115 0.151259 0.2364
7 0.53342 0.515046 0.132378 0.241319
7 0.223633 0.241609 0.143012 0.249421
7 0.131185 0.200231 0.115234 0.250579
3 0.473524 0.198785 0.121962 0.26331
1 0.759766 0.278646 0.163194 0.28125
2 0.820747 0.543547 0.241753 0.266493
5 0.933811 0.678241 0.131076 0.272569
7 0.566406 0.896701 0.125 0.202546
