6 0.667318 0.509549 0.18533 0.263889
7 0.286024 0.4307 0.123264 0.237558
7 0.678602 0.81684 0.226562 0.333912
6 0.530273 0.351852 0.187283 0.207176
4 0.330187 0.20515 0.127821 0.251157
8 0.458225 0.831308 0.237196 0.279514
4 0.500326 0.171296 0.122613 0.246528
7 0.240126 0.650029 0.123047 0.250289
11 0.36849 0.529803 0.041667 0.061343
11 0.482964 0.832176 0.040582 0.074074
11 0.35395 0.294994 0.032552 0.054688
4 0.379991 0.237703 0.088976 0.225405
4 0.4273 0.224826 0.06901 0.244792
5 0.528429 0.510561 0.15191 0.19647
5 0.755208 0.434606 0.25651 0.304977
