9 0.174262 0.71441 0.207465 0.230324
9 0.188694 0.51765 0.202474 0.203125
5 0.505208 0.840567 0.11849 0.236111
1 0.588542 0.467448 0.111545 0.198785
4 0.906793 0.661169 0.111328 0.186921
4 0.879666 0.434462 0.098741 0.076678
7 0.382595 0.755353 0.098958 0.239873
0 0.760417 0.581163 0.115451 0.214988
7 0.382595 0.588976 0.101562 0.100984
4 0.887695 0.517795 0.109592 0.090567
6 0.620117 0.65842 0.118273 0.14265
5 0.511719 0.650463 0.106771 0.144676
0 0.738715 0.443142 0.106771 0.082465
11 0.202148 0.881221 0.044922 0.054109
7 0.38227 0.496383 0.11046 0.08478
6 0.617296 0.849103 0.115234 0.242766
11 0.13737 0.874855 0.050347 0.062789
