0 0.342339 0.715712 0.113932 0.235243
6 0.187066 0.209491 0.135851 0.211806
4 0.457248 0.710648 0.109375 0.208333
7 0.552626 0.330729 0.103082 0.203125
7 0.358507 0.31684 0.108941 0.207755
7 0.646484 0.321759 0.092882 0.188657
9 0.862413 0.625579 0.167969 0.166667
7 0.733724 0.336661 0.086372 0.192419
7 0.458876 0.303964 0.097005 0.206308
0 0.35178 0.568142 0.099392 0.078993
5 0.066189 0.224248 0.133681 0.239005
11 0.701606 0.568287 0.03559 0.045718
0 0.353407 0.503038 0.097005 0.052951
4 0.458876 0.511574 0.097005 0.08912
4 0.467773 0.58261 0.095269 0.051794
11 0.74273 0.541233 0.042318 0.051794
8 0.878147 0.413339 0.168186 0.184317
