0 0.477141 0.685655 0.239005 0.191189
4 0.498987 0.282227 0.175058 0.183811
0 0.483218 0.857639 0.217014 0.137587
6 0.826244 0.319227 0.231192 0.197917
2 0.380353 0.549913 0.233507 0.141493
7 0.812066 0.700629 0.237558 0.202474
3 0.327546 0.407444 0.204861 0.16645
5 0.669126 0.569661 0.260706 0.173177
7 0.677228 0.133464 0.286169 0.168403
11 0.739439 0.715712 0.067419 0.042101
7 0.293258 0.205187 0.184317 0.166016
11 0.824508 0.486871 0.070891 0.036675
11 0.410156 0.726345 0.058738 0.049913
11 0.282986 0.412543 0.060764 0.039062
7 0.582899 0.446181 0.225984 0.113281
11 0.697627 0.145399 0.075231 0.047309
11 0.266638 0.224935 0.059317 0.04796
3 0.324508 0.487413 0.19647 0.103733
0 0.408275 0.728082 0.159722 0.112847
0 0.441696 0.803602 0.203993 0.072049
6 0.710648 0.346788 0.13831 0.15842
4 0.403501 0.318685 0.119502 0.143446
11 0.620081 0.423177 0.051505 0.039497
