1 0.37717 0.745949 0.167101 0.162616
4 0.601128 0.906539 0.184462 0.176505
0 0.496202 0.224103 0.156467 0.130498
7 0.890625 0.528935 0.1875 0.140625
4 0.613498 0.746094 0.179688 0.164062
0 0.458442 0.343316 0.157335 0.139178
6 0.28852 0.382234 0.141276 0.122106
2 0.628364 0.525608 0.174262 0.157118
7 0.895399 0.680411 0.179253 0.157697
0 0.515516 0.111979 0.152561 0.119213
3 0.648438 0.389178 0.172309 0.147569
5 0.4375 0.522569 0.166667 0.139468
5 0.279622 0.503472 0.147352 0.137731
11 0.648763 0.236545 0.04579 0.049479
11 0.760417 0.246383 0.041233 0.049479
