7 0.126845 0.638889 0.140842 0.282986
0 0.749674 0.673756 0.149523 0.286748
5 0.255642 0.638166 0.121528 0.242188
5 0.254774 0.451678 0.115451 0.106481
6 0.394206 0.650174 0.137804 0.277778
4 0.544054 0.625434 0.12066 0.064525
4 0.551975 0.50434 0.129123 0.076968
4 0.541667 0.802951 0.135417 0.289352
6 0.376628 0.457321 0.126953 0.109086
4 0.543945 0.570312 0.116536 0.052083
0 0.737956 0.484664 0.138238 0.08912
0 0.74349 0.400029 0.138889 0.083623
4 0.540582 0.381366 0.113281 0.069444
11 0.251845 0.574942 0.044488 0.063657
7 0.11339 0.456453 0.11263 0.139178
4 0.54145 0.442274 0.119792 0.047164
11 0.115885 0.66305 0.046875 0.072049
