0 0.734049 0.328848 0.098741 0.217303
4 0.630859 0.325955 0.111545 0.199942
7 0.619358 0.712963 0.10026 0.194444
6 0.836155 0.757957 0.093316 0.16985
9 0.150065 0.408854 0.240234 0.195602
7 0.527669 0.701823 0.100477 0.197049
7 0.42947 0.723958 0.097222 0.188657
7 0.33138 0.717014 0.112847 0.210648
7 0.71148 0.690104 0.094401 0.183449
0 0.720812 0.467882 0.083116 0.070023
4 0.620768 0.521557 0.092231 0.088252
11 0.320747 0.503906 0.042101 0.050058
0 0.71799 0.525318 0.089627 0.049479
11 0.368707 0.473958 0.040365 0.04919
8 0.136068 0.655961 0.237847 0.184606
5 0.926432 0.729456 0.106771 0.176505
4 0.613715 0.453993 0.094184 0.049769
