4 0.582899 0.275608 0.181858 0.293113
4 0.308594 0.175347 0.193142 0.210648
4 0.215061 0.471209 0.133247 0.261285
4 0.213867 0.62037 0.186415 0.202546
0 0.33214 0.385851 0.198134 0.216725
0 0.426758 0.601418 0.119575 0.234664
0 0.539822 0.654803 0.178168 0.165509
3 0.449978 0.189815 0.146484 0.283565
5 0.371745 0.780527 0.171441 0.239294
6 0.249132 0.8614 0.184896 0.20544
7 0.610135 0.854311 0.145182 0.229456
7 0.814779 0.64077 0.154731 0.241609
5 0.652452 0.537471 0.1773 0.266493
2 0.787869 0.412326 0.214627 0.235532
1 0.742622 0.187355 0.124132 0.268229
