4 0.560221 0.642216 0.094401 0.206887
7 0.082682 0.681713 0.160156 0.247106
5 0.254991 0.493490 0.104167 0.132234
6 0.375760 0.696904 0.171658 0.245660
5 0.251302 0.669271 0.117188 0.218171
0 0.904622 0.505353 0.150391 0.228299
4 0.799262 0.764612 0.162326 0.189525
0 0.764648 0.441985 0.096571 0.200521
11 0.081380 0.702257 0.047309 0.057870
11 0.235460 0.609375 0.041233 0.054398
4 0.479709 0.657986 0.080512 0.228009
4 0.698351 0.680122 0.130642 0.184896
0 0.824219 0.458478 0.134983 0.214988
4 0.766385 0.669705 0.146484 0.118924
4 0.622721 0.663194 0.094401 0.217014
6 0.360786 0.532407 0.106988 0.157986
7 0.104601 0.551939 0.126302 0.209780
