6 0.189128 0.328704 0.154731 0.264468
6 0.193359 0.608652 0.144097 0.244502
7 0.556424 0.162037 0.151042 0.270255
0 0.716797 0.157697 0.128038 0.267361
7 0.346571 0.796441 0.174479 0.232928
7 0.372287 0.486256 0.201606 0.287905
4 0.665148 0.738137 0.104601 0.218750
7 0.652778 0.434028 0.121528 0.240741
7 0.369575 0.171730 0.203993 0.293692
7 0.502930 0.601707 0.119575 0.249132
11 0.535590 0.399740 0.042535 0.059896
11 0.573351 0.780961 0.041233 0.056713
11 0.314236 0.349248 0.045573 0.071181
11 0.732096 0.586227 0.041016 0.052662
11 0.774740 0.410880 0.035590 0.059028
