6 0.902235 0.636285 0.140842 0.235532
5 0.778754 0.473958 0.114366 0.133102
2 0.511936 0.534578 0.101997 0.209201
4 0.310872 0.708623 0.119141 0.194444
0 0.215603 0.624421 0.101345 0.209491
7 0.142795 0.814381 0.104167 0.224248
0 0.21875 0.487703 0.088542 0.074942
1 0.410699 0.53588 0.10178 0.20081
3 0.619358 0.550203 0.110243 0.218461
7 0.128255 0.570747 0.09375 0.186053
5 0.780273 0.652344 0.121745 0.250289
6 0.909505 0.471354 0.125868 0.104167
4 0.31174 0.563947 0.091363 0.074653
4 0.314345 0.496817 0.087891 0.07581
11 0.406684 0.675926 0.039062 0.046875
