4 0.584201 0.591905 0.185764 0.171658
0 0.489439 0.27832 0.238137 0.138672
5 0.322338 0.356771 0.269097 0.136719
0 0.467882 0.163845 0.180556 0.094618
2 0.596933 0.379449 0.21412 0.096571
6 0.163918 0.576172 0.227141 0.217014
7 0.322483 0.798937 0.304688 0.193359
11 0.171296 0.410807 0.0625 0.039062
7 0.759693 0.74349 0.17853 0.1875
3 0.666667 0.447157 0.217593 0.078776
7 0.193576 0.253906 0.232639 0.13151
11 0.300926 0.767904 0.066551 0.054036
11 0.259404 0.240234 0.073785 0.041233
7 0.411314 0.460938 0.217303 0.109375
11 0.779225 0.710286 0.052662 0.053385
4 0.515046 0.637587 0.202546 0.197049
11 0.375868 0.481228 0.059028 0.037977
11 0.54456 0.24566 0.04919 0.03342
11 0.715133 0.508789 0.046007 0.035373
3 0.677807 0.514648 0.212095 0.14822
0 0.521123 0.200846 0.171296 0.0523
0 0.553096 0.257812 0.124132 0.061632
6 0.282407 0.548937 0.144676 0.155599
