7 0.299696 0.195168 0.123698 0.239294
7 0.480794 0.117911 0.167752 0.234086
2 0.284831 0.360822 0.132161 0.243056
1 0.361762 0.564236 0.161024 0.267361
3 0.498264 0.562934 0.139323 0.263021
5 0.570855 0.302951 0.172960 0.256944
5 0.692600 0.157407 0.130859 0.225116
6 0.829970 0.164352 0.120443 0.219907
0 0.751411 0.397280 0.198568 0.231481
0 0.770508 0.539207 0.199870 0.212095
0 0.629774 0.590567 0.163194 0.270833
4 0.793837 0.817274 0.145399 0.269965
4 0.517253 0.781684 0.155165 0.281539
4 0.370009 0.800926 0.209201 0.216435
4 0.145833 0.589699 0.214410 0.260417
