6 0.590278 0.816515 0.251736 0.153429
7 0.821181 0.680664 0.276042 0.179036
0 0.179832 0.272678 0.248553 0.14605
6 0.331597 0.794596 0.249421 0.136502
7 0.474248 0.635525 0.280671 0.215061
4 0.816406 0.3023 0.27228 0.121962
7 0.181424 0.440213 0.226273 0.152127
7 0.608218 0.504666 0.269676 0.142578
7 0.448206 0.336806 0.248843 0.122396
7 0.190538 0.620009 0.241609 0.172743
11 0.398148 0.468967 0.065972 0.045573
11 0.630498 0.229275 0.060185 0.041884
11 0.838252 0.424479 0.071759 0.047309
11 0.342014 0.683919 0.063079 0.042318
11 0.432581 0.191732 0.065972 0.045356
