8 0.762153 0.31901 0.271991 0.251736
8 0.866319 0.620226 0.262731 0.305556
9 0.539931 0.759983 0.262731 0.3125
10 0.383681 0.543403 0.269676 0.132812
1 0.45544 0.389757 0.253472 0.138021
1 0.325231 0.430122 0.243056 0.121528
2 0.446181 0.256076 0.248843 0.125868
2 0.353009 0.314236 0.233796 0.108507
3 0.376736 0.198351 0.248843 0.107639
11 0.344907 0.684028 0.0625 0.047743
11 0.70544 0.543403 0.065972 0.051215
11 0.588542 0.168403 0.056713 0.040799
11 0.686343 0.145833 0.0625 0.039062
11 0.863426 0.169705 0.060185 0.039931
