7 0.280273 0.224537 0.127821 0.241319
7 0.464735 0.156684 0.162977 0.245660
2 0.262695 0.391638 0.131727 0.234664
1 0.341580 0.606047 0.165365 0.276331
3 0.483398 0.602141 0.134766 0.256366
5 0.551541 0.351707 0.162977 0.252604
5 0.666775 0.218027 0.118273 0.212674
6 0.791016 0.233362 0.106337 0.211516
0 0.717665 0.444010 0.179688 0.223669
0 0.739800 0.601562 0.181858 0.169560
0 0.608832 0.631076 0.153429 0.260417
4 0.759115 0.851128 0.132378 0.261285
4 0.498698 0.821759 0.154948 0.278356
4 0.350260 0.844184 0.217014 0.229456
4 0.114475 0.625145 0.225911 0.276331
