7 0.781901 0.724537 0.142795 0.227431
7 0.565213 0.882812 0.125651 0.206597
5 0.91276 0.627315 0.141493 0.242477
5 0.642687 0.640336 0.150391 0.252315
2 0.794596 0.515191 0.213325 0.251447
1 0.739258 0.278212 0.133898 0.258391
7 0.528971 0.5136 0.130859 0.234375
3 0.466797 0.208189 0.125 0.248553
7 0.205621 0.252749 0.160807 0.259549
7 0.097222 0.218171 0.135417 0.256366
4 0.216797 0.478588 0.121962 0.224537
4 0.219076 0.600839 0.160807 0.181424
4 0.582465 0.320602 0.157118 0.26331
4 0.344184 0.161314 0.178819 0.212674
0 0.497504 0.70761 0.163845 0.143808
0 0.40549 0.627749 0.129557 0.207465
0 0.285265 0.410301 0.158637 0.209491
5 0.40701 0.444734 0.126519 0.244213
5 0.351128 0.771991 0.146701 0.206597
6 0.235135 0.82147 0.158637 0.173611
