7 0.198351 0.61046 0.239294 0.119358
1 0.75897 0.772244 0.261574 0.132161
7 0.430411 0.592122 0.247396 0.120877
3 0.791667 0.310981 0.240741 0.168837
0 0.493924 0.772786 0.230324 0.115451
2 0.742622 0.663194 0.256076 0.105903
1 0.415509 0.477105 0.23669 0.126085
3 0.394242 0.28852 0.198785 0.169054
5 0.17636 0.47309 0.224248 0.114149
3 0.735532 0.533637 0.233218 0.154948
6 0.16956 0.319987 0.231481 0.129557
0 0.202691 0.794379 0.102141 0.114366
0 0.272569 0.778754 0.070023 0.113498
0 0.342593 0.774631 0.088542 0.122613
