0 0.793186 0.507668 0.140625 0.212674
7 0.435438 0.63397 0.094835 0.161458
7 0.33648 0.66305 0.108724 0.164062
1 0.558594 0.439959 0.088108 0.170428
4 0.796984 0.75897 0.132161 0.197338
4 0.373372 0.862847 0.123481 0.22338
9 0.203125 0.662182 0.143229 0.183738
7 0.417101 0.443576 0.101562 0.156829
4 0.215278 0.841435 0.115017 0.197917
5 0.53928 0.623843 0.098524 0.195602
0 0.665148 0.419416 0.121094 0.18316
5 0.538628 0.863281 0.100694 0.220775
9 0.225911 0.485243 0.129774 0.152778
6 0.635851 0.862413 0.104601 0.218461
6 0.640842 0.659288 0.102431 0.195891
11 0.778103 0.336516 0.037543 0.047454
11 0.901801 0.347656 0.044922 0.045428
