6 0.542969 0.754196 0.166233 0.246817
4 0.535916 0.389178 0.142144 0.23206
4 0.628038 0.580295 0.138455 0.252604
7 0.249457 0.337384 0.111328 0.245949
5 0.440755 0.277633 0.129774 0.246817
8 0.707899 0.169994 0.291233 0.311053
7 0.333008 0.817564 0.128689 0.241609
0 0.219944 0.572338 0.117839 0.195602
2 0.391819 0.429832 0.119141 0.176794
4 0.51747 0.541088 0.10829 0.153935
5 0.422418 0.736111 0.121745 0.189236
4 0.689779 0.460503 0.208984 0.246817
5 0.38303 0.217882 0.155816 0.232639
0 0.311089 0.601562 0.129123 0.226273
0 0.24924 0.673177 0.076172 0.111979
11 0.325738 0.611834 0.03342 0.049479
11 0.383464 0.406105 0.036892 0.052951
11 0.268772 0.350694 0.029731 0.043403
11 0.621311 0.572049 0.044271 0.054398
