0 0.299588 0.606192 0.162977 0.259259
4 0.628472 0.342593 0.125868 0.177662
6 0.695312 0.649161 0.152778 0.235243
4 0.749457 0.366319 0.1352 0.16088
7 0.503147 0.823351 0.169922 0.269965
2 0.483832 0.400318 0.151693 0.182581
0 0.436957 0.586516 0.16428 0.270255
7 0.321832 0.344618 0.16059 0.224537
5 0.452365 0.217159 0.150391 0.202257
8 0.708767 0.186921 0.177951 0.199074
4 0.633247 0.469039 0.099826 0.13831
4 0.734918 0.484954 0.08138 0.138889
11 0.465603 0.585359 0.040582 0.072338
11 0.729384 0.470775 0.03559 0.040509
11 0.352648 0.342159 0.036892 0.047743
11 0.494575 0.376736 0.037326 0.059028
5 0.590278 0.682726 0.143229 0.213831
5 0.518446 0.266927 0.097656 0.182002
0 0.362196 0.686343 0.104601 0.146412
