6 0.565972 0.719076 0.263889 0.167318
7 0.266493 0.731445 0.339699 0.241536
7 0.661748 0.270399 0.244213 0.164931
5 0.562645 0.579753 0.213252 0.180773
4 0.880208 0.342339 0.203704 0.176866
4 0.837963 0.472548 0.210069 0.105252
7 0.420862 0.182943 0.286169 0.202257
8 0.220341 0.472982 0.344618 0.298828
11 0.243056 0.516276 0.064236 0.047743
11 0.555122 0.383789 0.061053 0.048394
4 0.869358 0.558702 0.195312 0.106988
4 0.827402 0.414822 0.198206 0.103082
11 0.791667 0.376519 0.059028 0.030816
6 0.701823 0.57921 0.162326 0.193142
5 0.619213 0.801649 0.259259 0.22092
