2 0.831453 0.294488 0.206887 0.135417
0 0.262297 0.830187 0.2989 0.183811
4 0.217882 0.656901 0.297454 0.15842
6 0.645255 0.594727 0.223958 0.120443
4 0.218605 0.200304 0.296007 0.161458
7 0.821759 0.721029 0.196759 0.126519
7 0.570891 0.737088 0.23669 0.143446
5 0.392361 0.47309 0.247685 0.141059
5 0.706308 0.150608 0.240162 0.124566
10 0.541088 0.308702 0.22338 0.142578
5 0.660301 0.467231 0.208912 0.131944
11 0.304253 0.347005 0.065683 0.052083
11 0.863426 0.594618 0.049769 0.035156
3 0.891348 0.444987 0.210359 0.172092
