0 0.259693 0.221788 0.205729 0.197917
0 0.41739 0.292969 0.15191 0.176649
7 0.479167 0.501845 0.177662 0.1773
4 0.680266 0.160482 0.170139 0.127821
5 0.677228 0.624457 0.135706 0.175564
9 0.433449 0.702582 0.310764 0.247613
7 0.452691 0.106445 0.235243 0.178168
9 0.246094 0.531793 0.378183 0.256727
11 0.222512 0.461806 0.060764 0.048611
8 0.855469 0.325304 0.157118 0.204427
6 0.76114 0.534071 0.139757 0.109375
7 0.707465 0.341254 0.160301 0.150825
7 0.629774 0.444661 0.182581 0.142795
11 0.611545 0.465386 0.055266 0.044922
0 0.382523 0.214301 0.111111 0.14388
11 0.515336 0.315104 0.048611 0.034288
0 0.50434 0.321506 0.159144 0.171658
4 0.691985 0.228516 0.16522 0.085069
11 0.469618 0.504991 0.053241 0.034288
6 0.758391 0.600043 0.097801 0.131944
11 0.69864 0.122396 0.045428 0.041233
