5 0.208478 0.105252 0.223669 0.117622
0 0.331163 0.559136 0.218461 0.142578
4 0.416522 0.362739 0.186632 0.096137
7 0.438513 0.778971 0.174479 0.104818
5 0.450087 0.139974 0.182002 0.09809
6 0.177083 0.248155 0.230903 0.185113
7 0.352431 0.882378 0.196759 0.108507
6 0.440104 0.243815 0.177083 0.135634
7 0.527199 0.614041 0.145833 0.095269
8 0.169705 0.672743 0.231771 0.233073
11 0.550781 0.489258 0.051215 0.034505
11 0.545573 0.451063 0.047743 0.034071
7 0.484954 0.6977 0.204861 0.09809
5 0.373264 0.097114 0.153935 0.127821
6 0.321036 0.241211 0.171586 0.127821
4 0.355179 0.425022 0.214988 0.113932
0 0.40625 0.519097 0.170718 0.092882
