0 0.656973 0.533095 0.224826 0.115234
7 0.562645 0.395291 0.20978 0.106554
7 0.58912 0.273655 0.215856 0.114583
4 0.606192 0.659288 0.183449 0.135851
6 0.791233 0.813911 0.260706 0.136502
7 0.601562 0.119466 0.217014 0.121311
4 0.438368 0.643446 0.127315 0.109375
5 0.565972 0.897678 0.199074 0.127387
5 0.406829 0.872613 0.125 0.11849
5 0.776765 0.926649 0.235243 0.141059
7 0.35489 0.376628 0.159433 0.113932
8 0.816551 0.330078 0.247685 0.236111
6 0.582465 0.784939 0.175926 0.120226
0 0.485822 0.535048 0.128472 0.111762
11 0.35735 0.525933 0.055556 0.040582
11 0.363571 0.565538 0.047164 0.036458
6 0.428241 0.769965 0.151042 0.109809
