7 0.413411 0.671730 0.119358 0.217882
7 0.651910 0.637587 0.112413 0.217303
7 0.169488 0.711516 0.145399 0.230324
4 0.183485 0.428675 0.119141 0.256655
7 0.781576 0.618490 0.126953 0.202257
4 0.583442 0.403212 0.122179 0.245081
0 0.279514 0.418692 0.092448 0.233218
7 0.532227 0.655093 0.106554 0.217014
7 0.286350 0.659288 0.141276 0.239294
0 0.425239 0.426071 0.094401 0.236979
11 0.582031 0.583767 0.041667 0.055266
11 0.651259 0.486400 0.039931 0.052662
4 0.497613 0.418837 0.081597 0.249132
11 0.581489 0.506366 0.041016 0.046875
11 0.435764 0.666667 0.036458 0.054398
0 0.341580 0.421296 0.106771 0.255787
11 0.341580 0.678819 0.039062 0.055556
