7 0.518808 0.356337 0.248264 0.136719
0 0.189525 0.562717 0.255208 0.118924
5 0.814091 0.379557 0.219039 0.142795
7 0.551649 0.493598 0.217303 0.126519
7 0.256366 0.725694 0.250579 0.13151
7 0.530671 0.640734 0.229167 0.125651
6 0.836661 0.56467 0.219039 0.159722
7 0.643084 0.228299 0.251447 0.142795
1 0.332176 0.177083 0.275463 0.148438
1 0.48423 0.783637 0.192998 0.086372
3 0.738426 0.672635 0.199074 0.162109
0 0.227575 0.38661 0.252025 0.155165
11 0.661314 0.711155 0.048322 0.030382
11 0.645978 0.772786 0.050058 0.036024
