7 0.728299 0.857313 0.265625 0.143012
5 0.495226 0.364692 0.311053 0.169054
7 0.228588 0.773003 0.251736 0.127604
5 0.723524 0.334418 0.185475 0.181424
7 0.541522 0.704753 0.270544 0.136502
7 0.790799 0.730469 0.25 0.124566
7 0.294994 0.63661 0.293113 0.129557
7 0.479167 0.825629 0.292824 0.147352
6 0.753906 0.542969 0.283275 0.160156
11 0.746817 0.433268 0.078125 0.058811
11 0.449074 0.423937 0.068287 0.055773
11 0.463831 0.866102 0.0625 0.049479
11 0.579138 0.553819 0.067419 0.05599
11 0.279803 0.655056 0.064236 0.050998
6 0.617766 0.56033 0.321759 0.172743
11 0.773872 0.710938 0.078993 0.050347
5 0.864583 0.381727 0.216435 0.15625
