11 0.238715 0.650463 0.050347 0.065972
11 0.328559 0.837384 0.056424 0.067130
7 0.197917 0.146991 0.222222 0.197917
7 0.410156 0.158565 0.203993 0.190972
7 0.606337 0.185764 0.184896 0.182870
7 0.606337 0.381944 0.188368 0.172454
7 0.407986 0.344329 0.201389 0.196759
7 0.195312 0.335648 0.215278 0.214120
7 0.174045 0.520255 0.221354 0.217593
7 0.395833 0.537037 0.197917 0.218750
7 0.595920 0.571759 0.183160 0.209491
7 0.568142 0.748264 0.179688 0.185185
7 0.372830 0.712384 0.205729 0.201389
7 0.131944 0.785880 0.223958 0.188657
0 0.770833 0.710069 0.175347 0.206019
0 0.783420 0.606481 0.160590 0.121528
4 0.793837 0.363426 0.167535 0.209491
4 0.803819 0.267361 0.166667 0.119213
4 0.802083 0.188657 0.170139 0.153935
