0 0.210069 0.323459 0.318287 0.14822
0 0.245081 0.228516 0.284722 0.099392
0 0.255353 0.167101 0.280961 0.086806
0 0.235388 0.09158 0.279803 0.071615
1 0.5693 0.228624 0.24103 0.124783
1 0.563368 0.148112 0.226852 0.079644
3 0.575955 0.36556 0.256655 0.116536
5 0.853877 0.281467 0.202546 0.109375
5 0.876157 0.359158 0.218171 0.076823
6 0.891782 0.456923 0.203704 0.127387
7 0.850839 0.644531 0.252025 0.150174
7 0.489728 0.522895 0.296586 0.134766
7 0.163484 0.509223 0.326968 0.152561
11 0.519965 0.668077 0.086806 0.057943
8 0.216146 0.797309 0.344907 0.379774
10 0.597656 0.797743 0.314525 0.194444
