7 0.259404 0.762044 0.193576 0.10178
7 0.154659 0.610894 0.219618 0.157118
5 0.305411 0.516602 0.233507 0.166016
5 0.145689 0.417101 0.219618 0.140625
6 0.115162 0.283854 0.216435 0.133247
0 0.348669 0.338108 0.190394 0.19401
0 0.478877 0.30599 0.219329 0.201389
0 0.555266 0.434245 0.25463 0.170573
4 0.741898 0.253581 0.282407 0.169922
4 0.753328 0.527018 0.259549 0.128689
4 0.791233 0.655707 0.221354 0.191623
4 0.641638 0.864149 0.219618 0.171441
1 0.575231 0.681966 0.246528 0.152561
3 0.552228 0.562283 0.248553 0.136285
2 0.416088 0.765408 0.22338 0.126302
