7 0.754196 0.58355 0.179109 0.21441
6 0.803675 0.329319 0.215567 0.214193
7 0.350984 0.827799 0.189815 0.234158
7 0.762587 0.808051 0.199942 0.2602
7 0.392072 0.597331 0.178819 0.205512
7 0.568866 0.817708 0.204861 0.256076
7 0.565249 0.586589 0.169271 0.213542
5 0.560764 0.337023 0.121528 0.177951
5 0.450087 0.369466 0.157118 0.201172
11 0.21412 0.474284 0.060185 0.042318
11 0.194734 0.667643 0.052662 0.045356
6 0.680556 0.322917 0.123843 0.192708
11 0.414352 0.355469 0.056713 0.044271
11 0.409722 0.587674 0.063657 0.045139
11 0.597222 0.577257 0.056713 0.046875
11 0.818866 0.323351 0.064815 0.046007
