1 0.453414 0.841037 0.189815 0.156901
7 0.585359 0.917969 0.208333 0.144965
4 0.141782 0.40918 0.157986 0.163411
11 0.722222 0.108615 0.076389 0.059679
0 0.210069 0.182943 0.166088 0.18316
2 0.625868 0.211372 0.237847 0.243056
6 0.455006 0.301324 0.227141 0.222005
5 0.389757 0.481879 0.211227 0.124349
3 0.610243 0.579536 0.249421 0.23329
3 0.3886 0.676107 0.192708 0.159939
11 0.567998 0.603299 0.056134 0.051649
11 0.445023 0.25803 0.061343 0.047309
6 0.365451 0.34375 0.127894 0.148438
11 0.422888 0.51237 0.051794 0.046007
11 0.555411 0.96582 0.049479 0.04145
11 0.337818 0.641168 0.050637 0.036241
11 0.158131 0.170573 0.046007 0.042535
4 0.172598 0.474392 0.118345 0.095052
2 0.37037 0.767795 0.127894 0.101128
3 0.738715 0.139865 0.302662 0.268446
