0 0.337674 0.594184 0.228588 0.119792
0 0.369068 0.717448 0.228877 0.133247
2 0.778646 0.545573 0.184028 0.094618
0 0.714844 0.821289 0.201678 0.159071
2 0.568576 0.510417 0.197338 0.107639
0 0.546586 0.785373 0.206597 0.149306
5 0.6114 0.259006 0.199653 0.113498
1 0.799334 0.65332 0.203414 0.116102
3 0.786458 0.430664 0.197338 0.094401
2 0.58261 0.388455 0.208623 0.121528
7 0.341725 0.462999 0.219907 0.098741
1 0.580006 0.614475 0.224248 0.136068
9 0.847656 0.23622 0.17853 0.186415
6 0.621528 0.150499 0.195023 0.109592
11 0.429253 0.313151 0.050058 0.036458
11 0.408709 0.381185 0.052951 0.039714
