7 0.208912 0.642361 0.277778 0.145833
7 0.261574 0.511719 0.269676 0.113715
7 0.343171 0.415799 0.256944 0.138889
7 0.375579 0.75651 0.282407 0.131076
7 0.449074 0.625 0.260417 0.125
7 0.493634 0.520399 0.226852 0.101562
7 0.563079 0.438802 0.212963 0.084201
7 0.587963 0.801215 0.246528 0.130208
7 0.677083 0.674045 0.237269 0.138021
7 0.717014 0.572049 0.236111 0.112847
7 0.74537 0.479167 0.21412 0.105903
0 0.681134 0.342882 0.199074 0.092014
0 0.697338 0.27908 0.189815 0.078993
4 0.430556 0.294705 0.230324 0.117188
4 0.462963 0.228733 0.197917 0.082465
