4 0.417969 0.759549 0.219618 0.10026
0 0.86386 0.765082 0.174479 0.160373
9 0.865741 0.546984 0.264468 0.184679
7 0.418403 0.643555 0.204861 0.143446
0 0.726128 0.704319 0.139757 0.13737
8 0.201389 0.645074 0.279514 0.225477
7 0.684028 0.874457 0.217014 0.149523
5 0.505208 0.412326 0.123264 0.116753
6 0.380064 0.456597 0.151331 0.109375
7 0.683594 0.535265 0.146123 0.130425
7 0.534433 0.551541 0.184028 0.115668
9 0.732639 0.409071 0.253472 0.125434
6 0.415654 0.418294 0.095197 0.111328
11 0.895978 0.589193 0.050637 0.031684
11 0.645833 0.680122 0.052083 0.036024
11 0.398003 0.871745 0.050637 0.045139
11 0.555411 0.544054 0.041956 0.029948
11 0.698785 0.53049 0.04456 0.029731
4 0.410156 0.836046 0.238715 0.165582
0 0.764612 0.769206 0.106192 0.105686
0 0.653067 0.68099 0.162616 0.139323
