1 0.429543 0.796115 0.18316 0.129991
7 0.664786 0.917426 0.239873 0.162977
4 0.545862 0.263997 0.190104 0.223741
7 0.730035 0.520833 0.265046 0.156684
2 0.318142 0.627713 0.110822 0.110026
7 0.716869 0.654731 0.282118 0.166233
2 0.448206 0.656576 0.198495 0.131727
3 0.39048 0.527561 0.169271 0.119358
0 0.437355 0.429036 0.192419 0.090712
11 0.551215 0.535699 0.058449 0.046224
1 0.312066 0.793403 0.096354 0.129774
0 0.413918 0.339084 0.126447 0.119575
11 0.726562 0.424479 0.070023 0.048611
7 0.672454 0.786892 0.258102 0.165799
11 0.688079 0.780382 0.064815 0.052083
11 0.473958 0.681424 0.055556 0.045139
11 0.478588 0.432726 0.053241 0.047743
0 0.454861 0.302517 0.130787 0.184896
