5 0.46658 0.81033 0.117622 0.260127
7 0.627821 0.801505 0.117188 0.263889
0 0.783854 0.509838 0.118924 0.203125
7 0.617947 0.550347 0.104818 0.244213
2 0.673828 0.286892 0.091146 0.192419
1 0.451172 0.547454 0.135417 0.236111
3 0.562826 0.283565 0.1148 0.204282
1 0.771484 0.285301 0.101128 0.221065
3 0.374132 0.273148 0.118056 0.199074
6 0.309462 0.802228 0.137153 0.286169
3 0.314453 0.557147 0.115885 0.226562
0 0.828125 0.815972 0.128038 0.112269
0 0.793186 0.65162 0.104167 0.083333
0 0.80447 0.733507 0.122396 0.073495
