11 0.430122 0.668403 0.046875 0.056713
11 0.300781 0.370370 0.039931 0.060185
11 0.816840 0.546875 0.042535 0.061343
11 0.835503 0.650463 0.045139 0.064815
11 0.798611 0.822917 0.047743 0.060185
8 0.655382 0.723958 0.269965 0.251157
8 0.381076 0.802083 0.243924 0.222222
9 0.256944 0.530671 0.242188 0.223380
10 0.427083 0.384259 0.118924 0.245370
1 0.571181 0.428241 0.141493 0.256944
1 0.528212 0.315972 0.118056 0.259259
2 0.715712 0.405671 0.142361 0.267361
2 0.654080 0.323495 0.118056 0.248843
3 0.785156 0.320602 0.119792 0.245370
