10 0.780165 0.494502 0.144531 0.250579
11 0.696940 0.549334 0.048828 0.078414
8 0.791016 0.788628 0.267795 0.265336
7 0.660373 0.246238 0.131076 0.217014
7 0.565430 0.552951 0.136502 0.278356
7 0.568359 0.849682 0.142361 0.300637
3 0.404405 0.448640 0.134766 0.269965
1 0.261176 0.428241 0.144748 0.272569
1 0.140408 0.421586 0.123698 0.266204
6 0.488064 0.141927 0.131944 0.225405
5 0.300456 0.139468 0.138238 0.225694
5 0.388129 0.136429 0.083984 0.224248
0 0.373264 0.817708 0.171875 0.330440
0 0.271484 0.777922 0.100260 0.313368
0 0.181098 0.769387 0.118273 0.308449
0 0.079319 0.796586 0.115668 0.331597
