0 0.510851 0.910735 0.133247 0.177951
1 0.516385 0.612992 0.173394 0.256655
7 0.226128 0.664641 0.117622 0.1875
7 0.545898 0.396991 0.184679 0.277199
7 0.661892 0.81684 0.197049 0.233796
7 0.741102 0.576534 0.197917 0.284433
8 0.696072 0.218461 0.312717 0.412037
10 0.325087 0.300781 0.157118 0.265914
3 0.368056 0.620081 0.131076 0.258102
11 0.177083 0.290075 0.03776 0.055266
0 0.367622 0.918981 0.13151 0.122685
9 0.10395 0.170862 0.141927 0.238137
2 0.443251 0.684028 0.112196 0.159144
0 0.335612 0.870226 0.132161 0.111979
0 0.327908 0.791811 0.140191 0.16985
11 0.339627 0.788773 0.03342 0.045718
11 0.353733 0.652054 0.032552 0.049479
