1 0.227865 0.395255 0.162760 0.256944
7 0.459201 0.775752 0.152778 0.333912
7 0.125109 0.729890 0.195964 0.364294
2 0.407227 0.256800 0.121311 0.142650
3 0.531576 0.374711 0.113932 0.222222
2 0.407010 0.434172 0.166016 0.245081
4 0.784614 0.575955 0.166884 0.195891
0 0.625760 0.439815 0.090929 0.211227
11 0.320964 0.756510 0.061198 0.081308
7 0.602973 0.776910 0.138672 0.296875
11 0.689996 0.772135 0.042752 0.071470
11 0.559570 0.575087 0.051432 0.065104
0 0.709852 0.434028 0.096354 0.162037
7 0.295464 0.725984 0.147352 0.361111
1 0.196615 0.225694 0.157986 0.156250
11 0.387478 0.473380 0.054905 0.063657
11 0.643880 0.491609 0.045139 0.056713
0 0.749891 0.459491 0.120009 0.123843
