11 0.336227 0.484375 0.055556 0.036458
11 0.297454 0.43533 0.063657 0.042535
10 0.909722 0.623698 0.149306 0.176215
4 0.645255 0.210503 0.180556 0.195312
4 0.684606 0.322049 0.159722 0.072917
4 0.677083 0.371528 0.16088 0.060764
4 0.671296 0.420573 0.163194 0.05816
4 0.693287 0.470052 0.15162 0.056424
4 0.70544 0.527344 0.164352 0.073785
4 0.697338 0.586372 0.162037 0.061632
4 0.71412 0.651042 0.15162 0.079861
0 0.38831 0.199219 0.199074 0.19184
0 0.414931 0.31901 0.164352 0.073785
0 0.435185 0.375 0.163194 0.074653
0 0.45544 0.425347 0.162037 0.078125
0 0.478009 0.482205 0.167824 0.065104
0 0.477431 0.539062 0.155093 0.076389
0 0.485532 0.597656 0.155093 0.059896
0 0.498264 0.650174 0.148148 0.0625
