7 0.459201 0.329861 0.193576 0.224537
0 0.646918 0.789062 0.165365 0.189815
7 0.50434 0.735822 0.175347 0.167824
2 0.637695 0.203559 0.117405 0.261285
7 0.355252 0.554977 0.18099 0.212963
7 0.241319 0.703848 0.15191 0.198785
7 0.354818 0.784867 0.171441 0.187211
9 0.192925 0.274016 0.261719 0.329282
11 0.430556 0.451244 0.042969 0.057002
10 0.727865 0.466001 0.193142 0.237558
11 0.20855 0.482494 0.036892 0.050637
0 0.772786 0.748987 0.156684 0.194155
0 0.70855 0.844907 0.104601 0.116898
1 0.718316 0.130353 0.215278 0.243924
3 0.525282 0.154514 0.17513 0.261574
