0 0.567383 0.641927 0.156033 0.149016
4 0.396267 0.258536 0.164497 0.14728
2 0.394097 0.465856 0.161458 0.149306
4 0.402452 0.105758 0.17079 0.164641
1 0.632921 0.239439 0.182943 0.139178
0 0.536241 0.765914 0.150174 0.141204
0 0.519857 0.877459 0.148655 0.124711
7 0.159939 0.467303 0.158854 0.130208
7 0.150933 0.332755 0.152561 0.137153
6 0.746094 0.607639 0.154948 0.127315
3 0.379666 0.594907 0.150825 0.145255
5 0.750434 0.478588 0.165365 0.143519
5 0.579644 0.463831 0.16059 0.135995
11 0.383464 0.742332 0.044705 0.043113
11 0.281793 0.72772 0.03928 0.048032
