6 0.209925 0.58941 0.24103 0.161024
6 0.293981 0.71951 0.219329 0.148655
0 0.448061 0.495551 0.24103 0.177734
4 0.495226 0.78125 0.213831 0.117622
1 0.775463 0.516493 0.225694 0.119792
2 0.777344 0.34451 0.230035 0.125217
7 0.53588 0.613498 0.220486 0.128472
1 0.705874 0.677626 0.218461 0.111762
8 0.478299 0.192925 0.350694 0.295573
0 0.216869 0.410265 0.282118 0.138238
5 0.781684 0.791884 0.194734 0.107205
11 0.571615 0.389106 0.050637 0.045139
11 0.778212 0.591146 0.052373 0.038628
11 0.36169 0.379232 0.053241 0.039714
