7 0.547888 0.639974 0.228877 0.138455
7 0.246094 0.733724 0.271701 0.155382
5 0.806424 0.381836 0.194444 0.130425
7 0.566696 0.478407 0.208623 0.109592
0 0.257523 0.353841 0.266782 0.131727
7 0.534288 0.336806 0.22309 0.124132
0 0.194589 0.532552 0.2636 0.12283
3 0.756944 0.678819 0.18287 0.184896
1 0.372251 0.162435 0.249132 0.125651
1 0.493345 0.812826 0.233218 0.116536
7 0.649595 0.233181 0.238426 0.147352
11 0.681279 0.724501 0.051794 0.038845
6 0.840856 0.561198 0.192708 0.15842
11 0.668403 0.797201 0.056713 0.036675
