7 0.704861 0.562500 0.199653 0.282986
7 0.282444 0.327257 0.140408 0.218750
7 0.741102 0.287616 0.211806 0.288773
4 0.677734 0.834491 0.198351 0.236111
4 0.527235 0.781250 0.088325 0.234375
5 0.407010 0.527344 0.130425 0.194155
8 0.446181 0.222367 0.240451 0.348669
5 0.273980 0.617043 0.124349 0.203993
11 0.555881 0.473380 0.044488 0.058449
11 0.407010 0.246528 0.037977 0.051505
11 0.609918 0.714554 0.041016 0.057581
4 0.602431 0.776186 0.121094 0.241030
4 0.458550 0.804688 0.078125 0.184028
6 0.430773 0.646557 0.149740 0.157118
6 0.317491 0.536169 0.121528 0.199653
