11 0.349537 0.238715 0.065972 0.050347
11 0.162616 0.328559 0.06713 0.056424
7 0.853009 0.197917 0.197917 0.222222
7 0.841435 0.410156 0.190972 0.203993
7 0.814236 0.606337 0.18287 0.184896
7 0.618056 0.606337 0.172454 0.188368
7 0.655671 0.407986 0.196759 0.201389
7 0.664352 0.195312 0.21412 0.215278
7 0.479745 0.174045 0.217593 0.221354
7 0.462963 0.395833 0.21875 0.197917
7 0.428241 0.59592 0.209491 0.18316
7 0.251736 0.568142 0.185185 0.179688
7 0.287616 0.37283 0.201389 0.205729
7 0.21412 0.131944 0.188657 0.223958
0 0.289931 0.770833 0.206019 0.175347
0 0.393519 0.78342 0.121528 0.16059
4 0.636574 0.793837 0.209491 0.167535
4 0.732639 0.803819 0.119213 0.166667
4 0.811343 0.802083 0.153935 0.170139
