4 0.280671 0.36697 0.21412 0.125434
0 0.371238 0.247396 0.239583 0.11849
7 0.443866 0.125 0.239583 0.132812
2 0.443432 0.593316 0.219618 0.117622
1 0.450087 0.483724 0.226562 0.124566
0 0.527199 0.24783 0.099537 0.119792
3 0.416377 0.697266 0.222222 0.112413
6 0.3193 0.92806 0.207465 0.127387
4 0.50651 0.369683 0.082465 0.109592
7 0.174913 0.157118 0.22309 0.120226
5 0.47092 0.843967 0.131076 0.103299
5 0.311343 0.826714 0.219329 0.115234
4 0.429688 0.366753 0.083912 0.104167
11 0.303096 0.474067 0.052951 0.034505
6 0.458623 0.946723 0.090856 0.106554
