7 0.70081 0.242622 0.224537 0.182726
7 0.404659 0.722331 0.305845 0.225477
6 0.444878 0.257053 0.247975 0.156467
4 0.162905 0.510851 0.273727 0.102431
7 0.694589 0.771267 0.278646 0.233941
6 0.320023 0.388129 0.191551 0.206814
4 0.126447 0.681207 0.232639 0.241319
8 0.796875 0.447483 0.342014 0.271701
11 0.520833 0.563477 0.061921 0.054905
11 0.782986 0.403754 0.056713 0.047092
5 0.374277 0.192166 0.258391 0.17296
5 0.478009 0.382595 0.193287 0.152778
4 0.128472 0.413628 0.217014 0.103299
4 0.188368 0.59809 0.270833 0.151042
11 0.236979 0.611871 0.064236 0.049696
