0 0.282444 0.411458 0.148655 0.171296
5 0.341905 0.560619 0.135200 0.241030
7 0.201931 0.683160 0.144748 0.224537
6 0.583008 0.708044 0.235026 0.222801
4 0.631727 0.319300 0.172743 0.128183
11 0.392036 0.698785 0.037109 0.062500
0 0.147786 0.429977 0.090278 0.132523
7 0.776801 0.207321 0.200304 0.118345
7 0.833767 0.557726 0.237847 0.268808
7 0.475694 0.478877 0.146267 0.195023
3 0.483615 0.280382 0.081380 0.175926
6 0.552951 0.575810 0.187934 0.109375
11 0.202582 0.615741 0.040582 0.056713
11 0.261068 0.362992 0.032552 0.036169
11 0.552951 0.233362 0.039931 0.040220
11 0.756076 0.191262 0.040799 0.046875
11 0.811089 0.574653 0.058811 0.068866
4 0.673937 0.383970 0.198134 0.160301
0 0.215061 0.395689 0.063368 0.149595
0 0.280707 0.347512 0.092231 0.072338
2 0.416667 0.324219 0.106771 0.139757
3 0.560655 0.259404 0.134766 0.149595
11 0.493056 0.506510 0.042535 0.055845
