8 0.766059 0.208333 0.263889 0.259259
8 0.446181 0.288773 0.328993 0.329861
9 0.832899 0.521991 0.220486 0.208333
10 0.658854 0.659722 0.117188 0.219907
1 0.514757 0.622685 0.131076 0.259259
1 0.542101 0.729167 0.121528 0.222222
2 0.357639 0.654514 0.15191 0.265046
2 0.416667 0.725116 0.131076 0.241898
3 0.27908 0.745949 0.135417 0.251157
11 0.763455 0.662616 0.038194 0.049769
11 0.690538 0.379051 0.048611 0.061343
11 0.269097 0.174769 0.065104 0.090278
11 0.219618 0.402199 0.061632 0.075231
11 0.24566 0.521412 0.052951 0.063657
