7 0.366753 0.167969 0.121528 0.27691
5 0.527452 0.161603 0.121745 0.242766
0 0.189128 0.480613 0.112196 0.24537
7 0.369249 0.433304 0.1148 0.256655
3 0.426975 0.741464 0.142144 0.228877
2 0.297418 0.738426 0.103082 0.235532
1 0.198785 0.739294 0.124566 0.253472
3 0.637695 0.752894 0.154297 0.222801
1 0.540582 0.432147 0.142361 0.2636
3 0.686198 0.42202 0.137153 0.214988
6 0.683702 0.167824 0.139106 0.274884
0 0.16569 0.16276 0.123047 0.113715
0 0.18316 0.243779 0.125 0.083044
0 0.187609 0.327112 0.113932 0.08941
