5 0.492513 0.671296 0.093099 0.128472
7 0.378364 0.756655 0.105252 0.179977
1 0.563694 0.481337 0.109158 0.223669
9 0.202799 0.715567 0.161241 0.193866
4 0.898872 0.676794 0.125000 0.186343
5 0.491102 0.834635 0.102431 0.202836
9 0.188477 0.540509 0.187283 0.181134
0 0.743164 0.598380 0.115668 0.213542
4 0.889648 0.519965 0.112196 0.093750
6 0.594618 0.674190 0.116753 0.133102
4 0.890842 0.428530 0.115451 0.089120
7 0.366970 0.611400 0.098524 0.101273
11 0.188151 0.854890 0.039497 0.050637
7 0.362088 0.520978 0.095269 0.084780
6 0.588542 0.842159 0.109809 0.207465
11 0.237847 0.857784 0.036892 0.050637
0 0.725803 0.449363 0.111328 0.095486
