0 0.432147 0.630642 0.264757 0.073351
7 0.705584 0.618924 0.241609 0.131944
7 0.730324 0.884983 0.277199 0.134983
4 0.426939 0.469293 0.249132 0.116102
7 0.706597 0.359918 0.25 0.117405
7 0.709346 0.490451 0.252604 0.114583
7 0.717448 0.74924 0.264178 0.13737
4 0.428096 0.561415 0.2364 0.080295
0 0.420718 0.697808 0.238426 0.090061
7 0.677517 0.23622 0.232928 0.113064
4 0.431279 0.842882 0.243924 0.078993
0 0.419416 0.771159 0.260706 0.08138
11 0.747685 0.249132 0.054398 0.045139
11 0.738426 0.496528 0.059028 0.039931
11 0.75463 0.91276 0.065972 0.051215
11 0.489005 0.465278 0.055556 0.046875
11 0.434606 0.772135 0.064815 0.044271
