0 0.704970 0.756510 0.169922 0.266493
7 0.377713 0.487124 0.191623 0.232928
7 0.206923 0.687066 0.223307 0.286169
1 0.676107 0.162905 0.146484 0.163773
10 0.728516 0.405382 0.162326 0.207755
9 0.225260 0.191985 0.270833 0.276910
7 0.486437 0.283565 0.166884 0.177662
11 0.467556 0.378472 0.038411 0.050926
11 0.222765 0.387587 0.044922 0.057581
7 0.546332 0.689525 0.187283 0.199074
7 0.363064 0.809317 0.217014 0.289352
3 0.538954 0.161314 0.142578 0.166377
2 0.638997 0.228009 0.100911 0.132523
0 0.805664 0.682147 0.142578 0.203414
0 0.783095 0.823206 0.114800 0.169560
