1 0.815755 0.164641 0.169705 0.239583
7 0.574761 0.369792 0.181641 0.251736
7 0.598633 0.788339 0.168186 0.157118
7 0.453016 0.618634 0.199436 0.201389
0 0.724175 0.822483 0.146267 0.176794
9 0.277995 0.296586 0.313802 0.400463
7 0.304253 0.813368 0.192708 0.232639
11 0.542209 0.495949 0.040582 0.054398
0 0.828668 0.758825 0.113932 0.174479
11 0.290365 0.548177 0.043403 0.061632
10 0.811849 0.500434 0.139757 0.236979
3 0.656141 0.183304 0.190321 0.295428
2 0.743707 0.279803 0.104601 0.189236
0 0.775174 0.872396 0.078993 0.103588
7 0.435004 0.891059 0.183811 0.200521
