7 0.739005 0.642904 0.219329 0.100911
5 0.635272 0.525933 0.131655 0.093533
1 0.441406 0.459852 0.218461 0.114149
9 0.71441 0.821181 0.215856 0.167535
0 0.542679 0.275174 0.22772 0.13151
7 0.584057 0.649306 0.104456 0.095052
4 0.605758 0.112739 0.204572 0.131293
4 0.447049 0.137261 0.094329 0.113498
5 0.815104 0.526367 0.225116 0.105252
9 0.532841 0.817925 0.180845 0.163628
4 0.35923 0.145833 0.079572 0.115451
6 0.815538 0.415039 0.239873 0.119141
6 0.632378 0.420356 0.136863 0.116753
0 0.394387 0.301541 0.098958 0.115234
11 0.86169 0.84809 0.054977 0.039931
7 0.495949 0.65191 0.086806 0.090278
11 0.867188 0.795356 0.052083 0.039497
