4 0.724392 0.582899 0.293113 0.181858
4 0.824653 0.308594 0.210648 0.193142
4 0.528791 0.215061 0.261285 0.133247
4 0.37963 0.213867 0.202546 0.186415
0 0.614149 0.33214 0.216725 0.198134
0 0.398582 0.426758 0.234664 0.119575
0 0.345197 0.539822 0.165509 0.178168
3 0.810185 0.449978 0.283565 0.146484
5 0.219473 0.371745 0.239294 0.171441
6 0.1386 0.249132 0.20544 0.184896
7 0.145689 0.610135 0.229456 0.145182
7 0.35923 0.814779 0.241609 0.154731
5 0.462529 0.652452 0.266493 0.1773
2 0.587674 0.787869 0.235532 0.214627
1 0.812645 0.742622 0.268229 0.124132
