5 0.497685 0.154514 0.144676 0.133681
5 0.346065 0.151476 0.184028 0.138021
5 0.170139 0.152778 0.322917 0.166667
6 0.527199 0.289497 0.125 0.134549
6 0.41088 0.302517 0.15162 0.132812
6 0.196759 0.327691 0.311343 0.167535
1 0.325231 0.46658 0.28588 0.139757
1 0.507523 0.483073 0.175926 0.136285
2 0.509259 0.633247 0.174769 0.138021
2 0.314815 0.624132 0.302083 0.164931
3 0.323495 0.799479 0.31713 0.171875
3 0.518519 0.790799 0.186343 0.142361
11 0.08912 0.647135 0.086806 0.05816
11 0.120949 0.490017 0.074074 0.047743
10 0.745949 0.888889 0.243056 0.137153
