0 0.75434 0.278935 0.260417 0.237269
0 0.605903 0.300347 0.107639 0.238426
0 0.519097 0.320023 0.092014 0.238426
0 0.447917 0.328704 0.079861 0.234954
0 0.363281 0.328704 0.09809 0.251157
0 0.275174 0.309606 0.086806 0.263889
0 0.192708 0.311921 0.088542 0.252315
0 0.111979 0.324074 0.072917 0.260417
4 0.747396 0.681134 0.255208 0.243056
4 0.58941 0.657407 0.086806 0.237269
4 0.522135 0.722222 0.08941 0.244213
4 0.460938 0.736111 0.095486 0.241898
4 0.387587 0.772569 0.108507 0.25
4 0.299479 0.76794 0.097222 0.256944
4 0.213542 0.770833 0.092014 0.246528
4 0.121528 0.775463 0.09375 0.251157
