0 0.910735 0.489149 0.177951 0.133247
1 0.612992 0.483615 0.256655 0.173394
7 0.664641 0.773872 0.1875 0.117622
7 0.396991 0.454102 0.277199 0.184679
7 0.81684 0.338108 0.233796 0.197049
7 0.576534 0.258898 0.284433 0.197917
8 0.218461 0.303928 0.412037 0.312717
10 0.300781 0.674913 0.265914 0.157118
3 0.620081 0.631944 0.258102 0.131076
11 0.290075 0.822917 0.055266 0.03776
0 0.918981 0.632378 0.122685 0.13151
9 0.170862 0.89605 0.238137 0.141927
2 0.684028 0.556749 0.159144 0.112196
0 0.870226 0.664388 0.111979 0.132161
0 0.791811 0.672092 0.16985 0.140191
11 0.788773 0.660373 0.045718 0.03342
11 0.652054 0.646267 0.049479 0.032552
