4 0.713108 0.383102 0.125868 0.237269
4 0.794271 0.399306 0.107639 0.21875
0 0.676649 0.646991 0.12066 0.181713
0 0.748698 0.655671 0.084201 0.18287
7 0.555122 0.560185 0.108507 0.202546
7 0.528212 0.75 0.113715 0.165509
7 0.428385 0.728588 0.099826 0.210648
7 0.313368 0.701389 0.111111 0.207176
7 0.174479 0.649306 0.149306 0.225694
7 0.184028 0.427083 0.175347 0.265046
7 0.346354 0.484375 0.125 0.229167
7 0.458767 0.511574 0.101562 0.21875
7 0.437934 0.251157 0.139757 0.295139
7 0.27691 0.226273 0.194444 0.321759
7 0.559028 0.321759 0.15625 0.278935
