0 0.662109 0.584491 0.086806 0.282986
7 0.725043 0.273438 0.159288 0.296875
7 0.581706 0.286024 0.125217 0.284433
7 0.890516 0.256076 0.166016 0.328704
0 0.595161 0.569589 0.070964 0.27228
7 0.328016 0.286603 0.118707 0.243924
4 0.437391 0.569589 0.1148 0.237558
4 0.826497 0.592593 0.093533 0.283565
4 0.526693 0.5693 0.078559 0.253183
7 0.453451 0.281973 0.115234 0.260706
7 0.220595 0.317998 0.097005 0.210648
0 0.74197 0.590567 0.098958 0.283565
11 0.741753 0.581597 0.049479 0.06713
11 0.429253 0.510417 0.044271 0.061343
11 0.90842 0.230324 0.061632 0.075231
11 0.451389 0.256944 0.052083 0.070602
11 0.223958 0.249421 0.043403 0.069444
