5 0.527633 0.416667 0.202257 0.173177
4 0.157986 0.660807 0.248264 0.142795
7 0.405816 0.679036 0.232928 0.133681
7 0.809606 0.275391 0.259259 0.197917
7 0.601562 0.700629 0.221065 0.113932
5 0.485388 0.183594 0.337095 0.244358
8 0.791667 0.475911 0.197917 0.247396
4 0.218171 0.534831 0.248264 0.081814
11 0.526186 0.580621 0.059896 0.041884
4 0.1807 0.454753 0.26765 0.105252
11 0.291956 0.619032 0.067708 0.031901
6 0.554109 0.280707 0.255787 0.179905
6 0.381655 0.426432 0.177662 0.184462
4 0.218605 0.595812 0.26765 0.098307
11 0.792679 0.454536 0.063947 0.031033
