0 0.610243 0.479492 0.24537 0.166016
1 0.276186 0.447266 0.24103 0.146267
0 0.825087 0.56977 0.239873 0.123481
4 0.544271 0.195747 0.20544 0.094184
6 0.736979 0.276801 0.222801 0.113932
6 0.815538 0.403429 0.221354 0.136285
1 0.334201 0.281901 0.243634 0.098958
2 0.283999 0.632378 0.277488 0.153646
5 0.245226 0.150174 0.249132 0.09158
8 0.608073 0.78049 0.325521 0.280165
7 0.52228 0.36263 0.243056 0.124566
11 0.509115 0.585503 0.052951 0.043403
11 0.273582 0.367513 0.05353 0.037977
11 0.707755 0.596463 0.051505 0.036241
