4 0.685909 0.583225 0.168692 0.188585
4 0.505353 0.653212 0.182002 0.158854
1 0.256944 0.600694 0.212963 0.148438
0 0.622396 0.207031 0.119792 0.105469
6 0.544705 0.373589 0.224826 0.097873
1 0.187645 0.452582 0.172164 0.110894
7 0.794271 0.40332 0.265625 0.10612
5 0.520978 0.455621 0.235822 0.098307
7 0.871962 0.517036 0.219039 0.167752
5 0.377749 0.491753 0.140336 0.105469
7 0.773148 0.296549 0.238426 0.116102
7 0.790799 0.175673 0.214699 0.11263
7 0.289786 0.28776 0.161169 0.105903
2 0.227865 0.374023 0.188368 0.088759
0 0.493345 0.273438 0.160301 0.078993
11 0.54239 0.578885 0.061632 0.043186
11 0.225984 0.629991 0.056713 0.040365
11 0.395255 0.21072 0.050347 0.030382
4 0.566985 0.614149 0.137442 0.164497
11 0.777922 0.269531 0.052951 0.030816
11 0.478299 0.254232 0.04456 0.030599
7 0.410735 0.198134 0.182002 0.099392
0 0.548177 0.238824 0.143229 0.095703
6 0.399306 0.389323 0.144676 0.085938
