7 0.358398 0.495081 0.130859 0.238426
7 0.646376 0.511285 0.129991 0.245949
7 0.296549 0.209491 0.136936 0.253472
5 0.603299 0.804109 0.15625 0.231481
7 0.763238 0.64945 0.165365 0.261285
7 0.508789 0.52691 0.102648 0.216435
6 0.416667 0.815104 0.158854 0.207755
0 0.630425 0.222367 0.135417 0.263021
0 0.46365 0.161748 0.123915 0.228009
1 0.833876 0.339554 0.13737 0.261863
1 0.226888 0.435764 0.106554 0.212963
3 0.323893 0.701534 0.135634 0.213252
11 0.283203 0.619358 0.03342 0.05353
11 0.222765 0.594763 0.034071 0.045428
