0 0.789931 0.395833 0.206597 0.184028
0 0.661458 0.414352 0.072917 0.163194
0 0.602431 0.434606 0.067708 0.162037
0 0.548611 0.45081 0.074653 0.155093
0 0.492188 0.470486 0.060764 0.164352
0 0.439236 0.462384 0.074653 0.155093
0 0.38151 0.463542 0.052951 0.148148
0 0.334201 0.475116 0.052083 0.141204
4 0.771267 0.653356 0.212674 0.185185
4 0.652344 0.690394 0.072049 0.168981
4 0.599392 0.678241 0.063368 0.165509
4 0.548611 0.670139 0.053819 0.163194
4 0.496962 0.69213 0.056424 0.158565
4 0.44184 0.693866 0.0625 0.152778
4 0.382812 0.683449 0.055556 0.152778
4 0.320312 0.691551 0.072917 0.155093
10 0.343316 0.892361 0.165799 0.165509
11 0.543403 0.293403 0.039931 0.053241
11 0.494792 0.324653 0.038194 0.053241
