4 0.415582 0.699942 0.109809 0.185185
7 0.87717 0.680411 0.133247 0.213831
7 0.685004 0.548611 0.110026 0.203125
6 0.265191 0.868345 0.146701 0.20544
7 0.59592 0.517361 0.099392 0.152778
8 0.652669 0.87717 0.22678 0.238715
0 0.545573 0.715278 0.131944 0.21875
5 0.161784 0.840567 0.098307 0.195023
6 0.265625 0.630208 0.113715 0.158565
5 0.177626 0.624277 0.080078 0.150174
7 0.770508 0.594473 0.094401 0.205729
11 0.473199 0.5068 0.036241 0.05353
11 0.439887 0.514178 0.032118 0.04919
0 0.499349 0.653646 0.079861 0.172454
4 0.357964 0.645399 0.071398 0.180845
6 0.264974 0.748698 0.097656 0.166377
5 0.147135 0.698061 0.097656 0.147859
