6 0.106337 0.522244 0.197627 0.136502
5 0.132234 0.705404 0.220486 0.128255
5 0.118924 0.61773 0.206019 0.077908
7 0.173177 0.333767 0.22772 0.150174
7 0.502459 0.439996 0.280961 0.138238
7 0.826678 0.435547 0.34375 0.165365
11 0.481771 0.294488 0.085648 0.055122
10 0.417969 0.18826 0.271123 0.179036
8 0.748409 0.17372 0.295428 0.338325
3 0.408275 0.615017 0.256944 0.141059
1 0.40408 0.753364 0.234086 0.135634
1 0.411458 0.856879 0.245949 0.116536
0 0.777199 0.648872 0.34375 0.176215
0 0.738571 0.746528 0.297743 0.116753
0 0.736834 0.823351 0.2989 0.11849
0 0.751302 0.923828 0.311053 0.095052
