7 0.642904 0.260995 0.100911 0.219329
5 0.525933 0.364728 0.093533 0.131655
1 0.459852 0.558594 0.114149 0.218461
9 0.821181 0.28559 0.167535 0.215856
0 0.275174 0.457321 0.13151 0.22772
7 0.649306 0.415943 0.095052 0.104456
4 0.112739 0.394242 0.131293 0.204572
4 0.137261 0.552951 0.113498 0.094329
5 0.526367 0.184896 0.105252 0.225116
9 0.817925 0.467159 0.163628 0.180845
4 0.145833 0.64077 0.115451 0.079572
6 0.415039 0.184462 0.119141 0.239873
6 0.420356 0.367622 0.116753 0.136863
0 0.301541 0.605613 0.115234 0.098958
11 0.84809 0.13831 0.039931 0.054977
7 0.65191 0.504051 0.090278 0.086806
11 0.795356 0.132812 0.039497 0.052083
