5 0.491319 0.518808 0.132378 0.234375
1 0.840929 0.419416 0.173177 0.228299
3 0.683919 0.503328 0.138672 0.209201
4 0.455404 0.819010 0.157335 0.196470
0 0.245768 0.735677 0.157769 0.202836
3 0.544705 0.274450 0.203559 0.245081
2 0.244141 0.295573 0.173611 0.247396
6 0.325738 0.455150 0.174045 0.234375
11 0.164931 0.234809 0.050781 0.071470
11 0.292752 0.473669 0.041667 0.053819
11 0.573568 0.304253 0.041667 0.057581
11 0.936523 0.278646 0.042752 0.056134
11 0.514648 0.469329 0.049262 0.059028
11 0.236762 0.798756 0.042969 0.057581
3 0.182834 0.211227 0.201606 0.248264
6 0.375000 0.542245 0.121094 0.172454
4 0.505642 0.764612 0.131076 0.154225
11 0.658095 0.563802 0.036241 0.051794
2 0.787435 0.502459 0.115668 0.208623
7 0.891385 0.256510 0.186415 0.225405
