0 0.522859 0.314345 0.239005 0.191189
4 0.501013 0.717773 0.175058 0.183811
0 0.516782 0.142361 0.217014 0.137587
6 0.173756 0.680773 0.231192 0.197917
2 0.619647 0.450087 0.233507 0.141493
7 0.187934 0.299371 0.237558 0.202474
3 0.672454 0.592556 0.204861 0.16645
5 0.330874 0.430339 0.260706 0.173177
7 0.322772 0.866536 0.286169 0.168403
11 0.260561 0.284288 0.067419 0.042101
7 0.706742 0.794813 0.184317 0.166016
11 0.175492 0.513129 0.070891 0.036675
11 0.589844 0.273655 0.058738 0.049913
11 0.717014 0.587457 0.060764 0.039062
7 0.417101 0.553819 0.225984 0.113281
11 0.302373 0.854601 0.075231 0.047309
11 0.733362 0.775065 0.059317 0.04796
3 0.675492 0.512587 0.19647 0.103733
0 0.591725 0.271918 0.159722 0.112847
0 0.558304 0.196398 0.203993 0.072049
6 0.289352 0.653212 0.13831 0.15842
4 0.596499 0.681315 0.119502 0.143446
11 0.379919 0.576823 0.051505 0.039497
