6 0.890625 0.483073 0.155382 0.240451
4 0.277127 0.553241 0.125868 0.210069
5 0.761827 0.509115 0.125217 0.240451
2 0.484375 0.391927 0.119792 0.23235
1 0.378147 0.399016 0.105686 0.210069
7 0.084961 0.528646 0.087457 0.194444
3 0.594727 0.403935 0.114366 0.229167
4 0.272895 0.407407 0.098307 0.076968
6 0.901801 0.3057 0.129557 0.100405
0 0.174696 0.459201 0.097656 0.200231
5 0.760634 0.315828 0.12717 0.130498
4 0.274957 0.348814 0.088976 0.050637
0 0.177409 0.340278 0.098307 0.059606
11 0.377387 0.541377 0.035156 0.051505
7 0.085395 0.383247 0.079644 0.090567
