6 0.200629 0.836516 0.160373 0.222222
7 0.526042 0.496383 0.153646 0.268808
7 0.557509 0.166811 0.182292 0.319155
7 0.352865 0.192998 0.192708 0.357639
7 0.210069 0.532118 0.170139 0.269676
7 0.176324 0.22555 0.173828 0.354456
5 0.391168 0.823929 0.107422 0.231771
7 0.368924 0.519531 0.142795 0.278646
11 0.704102 0.378472 0.042752 0.068287
11 0.684787 0.655671 0.053602 0.061343
11 0.337891 0.528356 0.048611 0.074074
11 0.507812 0.805266 0.045139 0.0625
5 0.477648 0.787037 0.142361 0.244213
6 0.294813 0.83478 0.072266 0.216435
11 0.502604 0.504051 0.053819 0.071759
