7 0.58261 0.604492 0.193576 0.098741
7 0.403212 0.875326 0.205729 0.100911
6 0.196325 0.239909 0.22772 0.175564
5 0.217303 0.091797 0.222222 0.123698
4 0.449508 0.336806 0.219039 0.105903
7 0.490741 0.773872 0.210069 0.103733
0 0.371817 0.550998 0.230903 0.155382
8 0.209201 0.660265 0.219329 0.218967
5 0.475405 0.09668 0.196759 0.104384
6 0.469907 0.21365 0.203704 0.150825
11 0.602431 0.468967 0.057292 0.03559
11 0.590712 0.42947 0.050058 0.036892
7 0.539641 0.696181 0.207755 0.120226
0 0.436198 0.497504 0.203414 0.085286
4 0.379485 0.409071 0.20978 0.103733
6 0.331887 0.226128 0.186921 0.114583
5 0.387731 0.067708 0.174769 0.126302
