0 0.446615 0.2449 0.282118 0.138238
2 0.530093 0.599501 0.22338 0.109158
0 0.623553 0.247396 0.103009 0.12934
7 0.190249 0.135417 0.293113 0.158854
1 0.535012 0.495443 0.240741 0.110243
7 0.528791 0.101562 0.271123 0.144965
4 0.346644 0.382921 0.251157 0.119141
5 0.563223 0.813911 0.120081 0.081814
5 0.403501 0.815538 0.22309 0.082899
4 0.516348 0.378147 0.087095 0.11046
4 0.599971 0.379449 0.087095 0.111762
6 0.416377 0.892687 0.201389 0.078776
3 0.50434 0.696506 0.222222 0.090929
11 0.383681 0.498698 0.054977 0.036458
6 0.554398 0.896593 0.076968 0.072266
