9 0.279369 0.790799 0.362558 0.329861
0 0.762008 0.323025 0.138021 0.097005
7 0.393229 0.26378 0.175347 0.148655
0 0.762153 0.484701 0.103588 0.138238
1 0.5557 0.301758 0.159433 0.127387
7 0.726707 0.595161 0.182581 0.152127
11 0.395399 0.6352 0.061632 0.044271
7 0.634983 0.219293 0.158854 0.128689
7 0.470052 0.150825 0.190104 0.107205
3 0.610677 0.429688 0.172743 0.139323
8 0.223669 0.149197 0.3125 0.171224
0 0.833623 0.419271 0.123264 0.082465
4 0.358362 0.453451 0.245081 0.13954
2 0.640191 0.363498 0.105035 0.084201
11 0.642506 0.435872 0.04022 0.031467
11 0.753617 0.458984 0.035012 0.032552
0 0.826968 0.477973 0.046875 0.124783
