7 0.724537 0.218099 0.227431 0.142795
7 0.882812 0.434787 0.206597 0.125651
5 0.627315 0.08724 0.242477 0.141493
5 0.640336 0.357313 0.252315 0.150391
2 0.515191 0.205404 0.251447 0.213325
1 0.278212 0.260742 0.258391 0.133898
7 0.5136 0.471029 0.234375 0.130859
3 0.208189 0.533203 0.248553 0.125
7 0.252749 0.794379 0.259549 0.160807
7 0.218171 0.902778 0.256366 0.135417
4 0.478588 0.783203 0.224537 0.121962
4 0.600839 0.780924 0.181424 0.160807
4 0.320602 0.417535 0.26331 0.157118
4 0.161314 0.655816 0.212674 0.178819
0 0.70761 0.502496 0.143808 0.163845
0 0.627749 0.59451 0.207465 0.129557
0 0.410301 0.714735 0.209491 0.158637
5 0.444734 0.59299 0.244213 0.126519
5 0.771991 0.648872 0.206597 0.146701
6 0.82147 0.764865 0.173611 0.158637
