7 0.518808 0.253906 0.310764 0.116319
7 0.345486 0.144423 0.25463 0.095703
5 0.277054 0.626736 0.186632 0.184028
11 0.584925 0.526367 0.082465 0.061849
7 0.85026 0.174045 0.299479 0.122396
6 0.421875 0.393012 0.333912 0.170573
7 0.584491 0.14974 0.304977 0.106337
11 0.263021 0.515082 0.08044 0.055339
7 0.787182 0.298937 0.356771 0.132595
5 0.542824 0.593424 0.374421 0.175998
11 0.598669 0.111545 0.070602 0.045573
11 0.793113 0.278103 0.078125 0.054036
11 0.453704 0.392036 0.070602 0.057509
7 0.271557 0.253255 0.249132 0.093316
5 0.135417 0.56901 0.22338 0.158854
6 0.228009 0.41276 0.193287 0.136285
11 0.278935 0.263021 0.065972 0.046875
