0 0.24537 0.676107 0.26794 0.185547
9 0.815538 0.214301 0.280382 0.261068
7 0.334201 0.181424 0.279514 0.212674
7 0.524884 0.351128 0.240741 0.19184
11 0.621094 0.202365 0.05353 0.044488
10 0.607928 0.724826 0.221644 0.177517
7 0.732494 0.47309 0.195891 0.164062
7 0.313802 0.513346 0.206308 0.199436
1 0.869213 0.683919 0.177662 0.164714
11 0.636574 0.448351 0.056713 0.038628
3 0.867622 0.53342 0.182581 0.157986
0 0.325376 0.795139 0.20978 0.15408
0 0.168547 0.758681 0.153067 0.104601
7 0.231047 0.327365 0.278067 0.21072
2 0.795284 0.637478 0.133391 0.113064
