0 0.665148 0.37037 0.098524 0.207176
6 0.800347 0.813657 0.104601 0.186921
7 0.371419 0.750723 0.10178 0.198785
7 0.560655 0.751157 0.096137 0.196759
9 0.127279 0.444878 0.20421 0.179109
7 0.276042 0.737992 0.096354 0.2011
7 0.467448 0.734954 0.096354 0.191551
4 0.562717 0.373553 0.105903 0.196181
7 0.656467 0.735243 0.098958 0.195602
0 0.658746 0.506944 0.087457 0.072917
4 0.558919 0.556424 0.097873 0.086227
5 0.902452 0.793981 0.114366 0.203125
11 0.313368 0.505064 0.039931 0.044271
4 0.552734 0.490885 0.092882 0.051215
0 0.658746 0.563368 0.092665 0.047454
11 0.270725 0.533131 0.040582 0.046586
8 0.110352 0.669994 0.212891 0.177951
