7 0.762044 0.740596 0.10178 0.193576
7 0.610894 0.845341 0.157118 0.219618
5 0.516602 0.694589 0.166016 0.233507
5 0.417101 0.854311 0.140625 0.219618
6 0.283854 0.884838 0.133247 0.216435
0 0.338108 0.651331 0.19401 0.190394
0 0.30599 0.521123 0.201389 0.219329
0 0.434245 0.444734 0.170573 0.25463
4 0.253581 0.258102 0.169922 0.282407
4 0.527018 0.246672 0.128689 0.259549
4 0.655707 0.208767 0.191623 0.221354
4 0.864149 0.358362 0.171441 0.219618
1 0.681966 0.424769 0.152561 0.246528
3 0.562283 0.447772 0.136285 0.248553
2 0.765408 0.583912 0.126302 0.22338
