4 0.364294 0.106228 0.249421 0.1977
4 0.174334 0.32628 0.21441 0.200738
4 0.199363 0.464301 0.260417 0.143012
4 0.179832 0.731771 0.257234 0.146701
0 0.390336 0.571289 0.26331 0.163845
0 0.58941 0.687391 0.226273 0.19987
0 0.45081 0.710829 0.210648 0.20204
6 0.838831 0.76888 0.232639 0.121962
5 0.833912 0.625651 0.238426 0.136285
5 0.668837 0.505534 0.269387 0.1773
7 0.867332 0.408203 0.261285 0.177517
7 0.769531 0.229709 0.233507 0.115234
2 0.592448 0.223741 0.248553 0.134549
1 0.39728 0.306424 0.267361 0.162326
3 0.408275 0.440755 0.259259 0.139323
