0 0.296441 0.330621 0.288484 0.153429
4 0.661603 0.632161 0.183738 0.12934
4 0.658854 0.753689 0.160301 0.130642
7 0.138455 0.545139 0.210359 0.168403
6 0.354601 0.711155 0.213831 0.138021
5 0.772425 0.437391 0.256076 0.16862
4 0.517361 0.646701 0.142361 0.115885
8 0.869213 0.70638 0.261574 0.187066
2 0.5693 0.49197 0.21441 0.16059
7 0.586372 0.30447 0.264178 0.201823
0 0.343316 0.46582 0.264757 0.174696
4 0.517072 0.740451 0.127315 0.075521
11 0.350116 0.491753 0.064236 0.042969
11 0.584491 0.499349 0.049769 0.041233
11 0.540654 0.738824 0.046586 0.034939
11 0.587674 0.347873 0.05787 0.043403
5 0.722512 0.517253 0.20544 0.103082
0 0.229456 0.400608 0.139468 0.097656
5 0.292535 0.616428 0.203704 0.127821
