0 0.393808 0.299588 0.259259 0.162977
4 0.657407 0.628472 0.177662 0.125868
6 0.350839 0.695312 0.235243 0.152778
4 0.633681 0.749457 0.16088 0.1352
7 0.176649 0.503147 0.269965 0.169922
2 0.599682 0.483832 0.182581 0.151693
0 0.413484 0.436957 0.270255 0.16428
7 0.655382 0.321832 0.224537 0.16059
5 0.782841 0.452365 0.202257 0.150391
8 0.813079 0.708767 0.199074 0.177951
4 0.530961 0.633247 0.13831 0.099826
4 0.515046 0.734918 0.138889 0.08138
11 0.414641 0.465603 0.072338 0.040582
11 0.529225 0.729384 0.040509 0.03559
11 0.657841 0.352648 0.047743 0.036892
11 0.623264 0.494575 0.059028 0.037326
5 0.317274 0.590278 0.213831 0.143229
5 0.733073 0.518446 0.182002 0.097656
0 0.313657 0.362196 0.146412 0.104601
