7 0.823206 0.433811 0.300347 0.124566
6 0.800781 0.74707 0.274016 0.135634
5 0.81713 0.600043 0.269676 0.125434
1 0.54673 0.60102 0.243924 0.127821
0 0.488281 0.232747 0.238715 0.141276
3 0.263455 0.674805 0.206887 0.146918
2 0.24537 0.352539 0.221644 0.117405
7 0.544126 0.428277 0.24566 0.121311
3 0.251157 0.484266 0.206597 0.147352
1 0.234375 0.239258 0.23669 0.144748
3 0.555845 0.736111 0.20081 0.12934
0 0.840856 0.203451 0.12963 0.14822
0 0.746383 0.224826 0.08478 0.148872
0 0.659433 0.233941 0.094907 0.134983
