0 0.842159 0.233615 0.25434 0.128255
0 0.81467 0.306315 0.234086 0.106554
0 0.818142 0.414714 0.221933 0.115885
3 0.494936 0.376628 0.20515 0.113064
2 0.501013 0.489041 0.203414 0.100043
1 0.538339 0.594618 0.197049 0.096788
5 0.240596 0.405165 0.192998 0.115017
5 0.121094 0.436415 0.109664 0.097222
6 0.12934 0.316732 0.1875 0.119575
7 0.320023 0.700738 0.188657 0.126302
7 0.408999 0.785916 0.192998 0.124349
4 0.807581 0.628472 0.219907 0.102431
4 0.782986 0.698242 0.212963 0.070964
4 0.751013 0.749457 0.210359 0.077474
4 0.730324 0.78635 0.195602 0.061849
