7 0.558811 0.504630 0.137153 0.239583
7 0.639431 0.777778 0.142144 0.239005
7 0.403429 0.494358 0.125000 0.234086
5 0.288628 0.241030 0.145399 0.215856
6 0.466688 0.175781 0.201606 0.270544
7 0.278754 0.533420 0.123915 0.217882
7 0.171766 0.436921 0.107856 0.212963
0 0.324544 0.777488 0.131727 0.208912
1 0.724826 0.548177 0.123698 0.239294
1 0.156684 0.689525 0.126302 0.190394
0 0.469618 0.825666 0.115885 0.206887
11 0.639431 0.355469 0.043620 0.058160
11 0.718641 0.362703 0.043186 0.052373
3 0.586263 0.261140 0.170356 0.239873
