9 0.167101 0.453668 0.333623 0.264106
2 0.638166 0.699327 0.220197 0.145182
7 0.331019 0.699002 0.300926 0.191406
7 0.853154 0.718641 0.19647 0.185981
5 0.640191 0.433268 0.168692 0.147352
7 0.852286 0.492622 0.202257 0.161892
7 0.589988 0.866645 0.273148 0.23546
7 0.558738 0.27832 0.224537 0.115668
0 0.478443 0.549913 0.241609 0.138021
7 0.331019 0.257595 0.232639 0.123698
7 0.737269 0.314779 0.157407 0.117839
7 0.380498 0.362522 0.244792 0.127387
10 0.655671 0.19987 0.179977 0.112413
11 0.982928 0.638021 0.034144 0.038628
