7 0.357096 0.739005 0.100911 0.219329
5 0.474067 0.635272 0.093533 0.131655
1 0.540148 0.441406 0.114149 0.218461
9 0.178819 0.71441 0.167535 0.215856
0 0.724826 0.542679 0.13151 0.22772
7 0.350694 0.584057 0.095052 0.104456
4 0.887261 0.605758 0.131293 0.204572
4 0.862739 0.447049 0.113498 0.094329
5 0.473633 0.815104 0.105252 0.225116
9 0.182075 0.532841 0.163628 0.180845
4 0.854167 0.35923 0.115451 0.079572
6 0.584961 0.815538 0.119141 0.239873
6 0.579644 0.632378 0.116753 0.136863
0 0.698459 0.394387 0.115234 0.098958
11 0.15191 0.86169 0.039931 0.054977
7 0.34809 0.495949 0.090278 0.086806
11 0.204644 0.867188 0.039497 0.052083
