9 0.515046 0.758789 0.239583 0.199002
4 0.712384 0.124023 0.177662 0.087891
9 0.721209 0.833008 0.230613 0.205946
7 0.520255 0.534939 0.22338 0.133247
7 0.726273 0.512044 0.226852 0.107856
5 0.719618 0.413194 0.188657 0.085938
6 0.8682 0.289822 0.236979 0.129123
7 0.766638 0.628255 0.239873 0.137587
0 0.670573 0.20421 0.180845 0.09375
1 0.515625 0.372504 0.184028 0.091797
0 0.55353 0.245117 0.162037 0.097439
11 0.872106 0.799805 0.059028 0.049262
4 0.581887 0.13227 0.084491 0.087457
11 0.87934 0.734592 0.05787 0.046007
4 0.518229 0.14171 0.061921 0.082899
6 0.715712 0.289822 0.122975 0.090495
5 0.865596 0.391385 0.228299 0.110894
