4 0.292752 0.430845 0.321181 0.260417
4 0.485677 0.400608 0.059896 0.223669
4 0.554905 0.378183 0.081597 0.238426
4 0.625977 0.393808 0.069227 0.228009
4 0.675347 0.387442 0.079861 0.224537
4 0.748047 0.38397 0.080729 0.210648
4 0.832465 0.362847 0.079861 0.212963
4 0.903863 0.357928 0.0625 0.221065
0 0.266493 0.725116 0.296875 0.226852
0 0.453559 0.717593 0.101562 0.188657
0 0.532552 0.714699 0.073785 0.180556
0 0.597656 0.673032 0.065104 0.199074
0 0.669705 0.659722 0.077257 0.197917
0 0.739583 0.655671 0.067708 0.194444
0 0.807726 0.64294 0.070312 0.199074
0 0.875 0.637153 0.0625 0.203704
