0 0.544416 0.652127 0.21441 0.147569
2 0.45327 0.547418 0.213831 0.106988
5 0.699219 0.56326 0.213831 0.133898
0 0.513021 0.750977 0.208333 0.075738
7 0.798756 0.652886 0.197049 0.13737
4 0.559028 0.319444 0.157986 0.147569
6 0.816696 0.366753 0.149595 0.141493
11 0.819734 0.494792 0.052083 0.036024
3 0.393808 0.417969 0.212384 0.168837
11 0.666088 0.43826 0.046875 0.041884
7 0.70544 0.216471 0.210648 0.127387
11 0.48886 0.689996 0.047743 0.050998
11 0.34158 0.245226 0.051215 0.047309
7 0.354167 0.231011 0.216435 0.149523
11 0.726418 0.224826 0.049479 0.035156
11 0.363137 0.419162 0.048032 0.038845
11 0.760561 0.664714 0.043692 0.031684
6 0.724392 0.387695 0.106192 0.130859
7 0.629774 0.45714 0.188947 0.092231
3 0.397425 0.488824 0.198785 0.084852
0 0.460793 0.681858 0.110822 0.105903
0 0.545139 0.798503 0.175926 0.127387
4 0.463831 0.342773 0.110532 0.124783
