0 0.70544 0.769097 0.270833 0.326389
0 0.721644 0.556858 0.270833 0.110243
0 0.726852 0.468316 0.265046 0.077257
0 0.682292 0.395833 0.25463 0.088542
0 0.664931 0.309896 0.236111 0.116319
0 0.665509 0.228733 0.246528 0.105035
0 0.646991 0.15191 0.228009 0.114583
0 0.649306 0.078993 0.230324 0.107639
4 0.368634 0.712674 0.25463 0.307292
4 0.378472 0.53125 0.230324 0.057292
4 0.366898 0.46224 0.21412 0.085938
4 0.394676 0.405816 0.22338 0.061632
4 0.390046 0.342014 0.221065 0.071181
4 0.373843 0.269097 0.202546 0.090278
4 0.364005 0.196615 0.201389 0.096354
4 0.357639 0.126736 0.202546 0.076389
