7 0.568902 0.844763 0.14822 0.244502
7 0.757921 0.636285 0.154731 0.234375
7 0.502387 0.475694 0.137587 0.232639
7 0.185113 0.290075 0.146701 0.23235
7 0.085938 0.272135 0.126302 0.220775
6 0.224826 0.852431 0.173611 0.209491
5 0.34451 0.770544 0.155599 0.231481
5 0.38303 0.427807 0.105469 0.216725
5 0.623589 0.575376 0.157335 0.248553
5 0.867839 0.51765 0.125 0.228588
2 0.741102 0.431713 0.191406 0.216435
1 0.665473 0.231192 0.122613 0.228588
3 0.424479 0.213252 0.119792 0.224537
4 0.535265 0.289641 0.149523 0.235532
4 0.310113 0.187789 0.160156 0.161458
4 0.200087 0.498119 0.113715 0.201678
4 0.20497 0.619792 0.163845 0.173611
0 0.266276 0.415365 0.15191 0.181424
0 0.388563 0.596933 0.118273 0.219329
0 0.486328 0.670718 0.165365 0.143519
