9 0.788628 0.589988 0.255208 0.221065
5 0.467339 0.204282 0.120443 0.259259
1 0.370009 0.547598 0.115017 0.206308
0 0.226671 0.405093 0.103516 0.181713
7 0.587348 0.305122 0.120009 0.241609
6 0.35536 0.359954 0.118707 0.151042
7 0.570747 0.567708 0.112413 0.096065
4 0.119141 0.521412 0.077257 0.07581
6 0.36556 0.177951 0.120443 0.248264
5 0.456272 0.381655 0.11046 0.146412
4 0.114041 0.310185 0.093533 0.208912
9 0.820964 0.387731 0.263889 0.225116
4 0.117188 0.440972 0.076389 0.083333
11 0.790907 0.203993 0.04796 0.063657
7 0.575629 0.472367 0.105686 0.121817
0 0.236003 0.541956 0.090495 0.087384
11 0.862847 0.222222 0.067708 0.056134
