7 0.62066 0.510742 0.263889 0.169922
7 0.663918 0.653971 0.293692 0.181207
7 0.179543 0.583333 0.246817 0.177951
7 0.180556 0.364258 0.179977 0.134766
7 0.282986 0.214952 0.199074 0.112196
5 0.368924 0.42003 0.206019 0.144314
9 0.849826 0.403537 0.298611 0.23546
7 0.379774 0.633464 0.262442 0.179253
7 0.531973 0.141819 0.180845 0.11263
0 0.557147 0.327799 0.235822 0.11046
7 0.709057 0.229601 0.231771 0.12934
2 0.452836 0.234701 0.197917 0.105252
10 0.195747 0.77474 0.267072 0.193142
11 0.118779 0.263889 0.04022 0.032552
