4 0.657986 0.732639 0.303241 0.137153
4 0.658565 0.851562 0.297454 0.097222
0 0.314236 0.726997 0.270833 0.124132
0 0.306713 0.83724 0.269676 0.092882
7 0.718171 0.533854 0.321759 0.144097
7 0.787037 0.400608 0.320602 0.171007
7 0.79456 0.231771 0.324074 0.206597
7 0.563657 0.151042 0.297454 0.175347
7 0.513889 0.31901 0.283565 0.143229
7 0.494213 0.443142 0.28125 0.122396
7 0.4375 0.574219 0.267361 0.148438
7 0.310185 0.148438 0.258102 0.178819
7 0.235532 0.302951 0.277778 0.130208
7 0.217593 0.442274 0.274306 0.132812
7 0.182292 0.561198 0.25463 0.131076
