5 0.359954 0.316081 0.282986 0.14605
0 0.400608 0.852214 0.281539 0.161458
6 0.371528 0.473416 0.313657 0.155599
4 0.676215 0.599935 0.076968 0.123915
4 0.551071 0.625977 0.085938 0.129991
4 0.231192 0.648872 0.322338 0.158854
7 0.338831 0.144965 0.322338 0.167969
5 0.572049 0.289062 0.124421 0.129774
4 0.479022 0.623698 0.051794 0.126302
11 0.42853 0.297635 0.073495 0.05013
6 0.569734 0.432075 0.145833 0.157986
4 0.613137 0.604926 0.054977 0.126085
0 0.594618 0.814128 0.101273 0.141276
4 0.420718 0.632921 0.065394 0.131293
0 0.676505 0.804688 0.079861 0.135417
11 0.304688 0.1352 0.076968 0.0625
7 0.545573 0.109266 0.15191 0.154731
