7 0.185041 0.181858 0.202257 0.243924
7 0.178675 0.386719 0.171007 0.192708
7 0.379485 0.180339 0.231771 0.252604
7 0.612413 0.184896 0.248553 0.248698
6 0.128328 0.588542 0.175058 0.166233
7 0.35272 0.401042 0.17419 0.203125
5 0.336227 0.617839 0.099537 0.141927
5 0.449363 0.609266 0.154514 0.154731
7 0.535156 0.411133 0.206308 0.190755
11 0.766204 0.367405 0.056713 0.044705
11 0.707755 0.558594 0.058449 0.03776
11 0.509983 0.420247 0.067419 0.050564
11 0.320023 0.40625 0.060185 0.046875
11 0.472222 0.626736 0.056713 0.038194
6 0.226273 0.608073 0.118056 0.155382
