7 0.209491 0.832899 0.345486 0.198785
7 0.521846 0.852539 0.30816 0.187283
5 0.639902 0.36122 0.16059 0.123915
7 0.555845 0.700087 0.282407 0.150174
6 0.589265 0.545464 0.267072 0.150825
7 0.774161 0.849609 0.241609 0.151476
5 0.457755 0.383464 0.290509 0.135851
7 0.794271 0.698459 0.240741 0.146484
11 0.285012 0.655707 0.07581 0.055339
11 0.570602 0.529405 0.070602 0.054036
11 0.781539 0.664605 0.070023 0.046224
7 0.279225 0.651476 0.435185 0.146701
6 0.752749 0.521484 0.135706 0.118056
11 0.515625 0.906033 0.078125 0.062934
11 0.435764 0.419271 0.074074 0.048611
11 0.68287 0.424045 0.072917 0.046007
5 0.755787 0.392795 0.121528 0.110243
