5 0.416667 0.472367 0.173177 0.202257
4 0.660807 0.842014 0.142795 0.248264
7 0.679036 0.594184 0.133681 0.232928
7 0.275391 0.190394 0.197917 0.259259
7 0.700629 0.398438 0.113932 0.221065
5 0.183594 0.514612 0.244358 0.337095
8 0.475911 0.208333 0.247396 0.197917
4 0.534831 0.781829 0.081814 0.248264
11 0.580621 0.473814 0.041884 0.059896
4 0.454753 0.819300 0.105252 0.267650
11 0.619032 0.708044 0.031901 0.067708
6 0.280707 0.445891 0.179905 0.255787
6 0.426432 0.618345 0.184462 0.177662
4 0.595812 0.781395 0.098307 0.267650
11 0.454536 0.207321 0.031033 0.063947
