9 0.207465 0.822808 0.261574 0.214627
0 0.3818 0.111545 0.224826 0.207031
3 0.282552 0.581814 0.222512 0.143229
1 0.528935 0.375651 0.208333 0.126302
5 0.477431 0.758898 0.214699 0.111545
0 0.563513 0.188151 0.234664 0.138021
7 0.740451 0.53418 0.17419 0.115668
1 0.281539 0.305447 0.259259 0.129991
2 0.531973 0.486003 0.192998 0.108724
0 0.74783 0.403429 0.159433 0.115885
2 0.304109 0.440321 0.225694 0.118056
0 0.725984 0.276584 0.19213 0.14388
6 0.469329 0.877279 0.216435 0.127387
2 0.514034 0.616319 0.209201 0.118924
11 0.663194 0.686849 0.050347 0.03559
11 0.683449 0.614909 0.046296 0.034939
