6 0.149161 0.239258 0.238715 0.213325
5 0.253328 0.378472 0.255498 0.178819
4 0.424045 0.199978 0.233507 0.221571
4 0.58015 0.205295 0.286458 0.15408
4 0.893663 0.312717 0.212674 0.217448
4 0.781684 0.597765 0.284433 0.174262
0 0.449942 0.437609 0.241319 0.126519
0 0.396123 0.551758 0.171875 0.17079
0 0.676939 0.338108 0.244502 0.217882
3 0.86849 0.465712 0.262442 0.155816
1 0.867043 0.746311 0.255498 0.110677
2 0.640046 0.781141 0.214699 0.186415
5 0.52474 0.662109 0.265336 0.161024
7 0.433015 0.804688 0.239294 0.13151
7 0.204138 0.621745 0.2364 0.138455
