0 0.12963 0.341688 0.199074 0.156033
4 0.521412 0.206706 0.214699 0.133898
7 0.581163 0.37793 0.202257 0.130425
5 0.583333 0.640082 0.173611 0.152995
9 0.161892 0.575955 0.285012 0.203125
7 0.356047 0.545356 0.187789 0.159288
0 0.265046 0.37424 0.142361 0.142144
7 0.273003 0.219293 0.190683 0.107422
8 0.767072 0.339735 0.273148 0.205512
9 0.34838 0.710503 0.303241 0.185764
6 0.679398 0.564996 0.15625 0.111762
7 0.50217 0.487847 0.21441 0.12934
6 0.67173 0.612956 0.122975 0.135634
0 0.216435 0.324436 0.111111 0.099392
0 0.365017 0.385417 0.114294 0.147135
11 0.358073 0.384549 0.047164 0.03342
11 0.522714 0.173286 0.050637 0.034071
11 0.483796 0.504557 0.043403 0.03342
11 0.33912 0.549154 0.043403 0.035373
4 0.539497 0.261068 0.188368 0.085069
11 0.11849 0.531576 0.050637 0.034939
