0 0.662326 0.405816 0.228588 0.119792
0 0.630932 0.282552 0.228877 0.133247
2 0.221354 0.454427 0.184028 0.094618
0 0.285156 0.178711 0.201678 0.159071
2 0.431424 0.489583 0.197338 0.107639
0 0.453414 0.214627 0.206597 0.149306
5 0.3886 0.740994 0.199653 0.113498
1 0.200666 0.34668 0.203414 0.116102
3 0.213542 0.569336 0.197338 0.094401
2 0.41739 0.611545 0.208623 0.121528
7 0.658275 0.537001 0.219907 0.098741
1 0.419994 0.385525 0.224248 0.136068
9 0.152344 0.76378 0.17853 0.186415
6 0.378472 0.849501 0.195023 0.109592
11 0.570747 0.686849 0.050058 0.036458
11 0.591291 0.618815 0.052951 0.039714
