1 0.762153 0.568866 0.189236 0.259259
1 0.758681 0.413194 0.206597 0.283565
2 0.579861 0.542824 0.144097 0.271991
2 0.643663 0.627315 0.132812 0.248843
3 0.445312 0.640625 0.138889 0.266204
11 0.477431 0.883681 0.046875 0.071759
11 0.65408 0.876157 0.056424 0.075231
11 0.421441 0.427662 0.039062 0.06713
11 0.463542 0.393519 0.050347 0.061343
5 0.565972 0.219329 0.171875 0.259259
5 0.487847 0.251736 0.112847 0.24537
6 0.377604 0.260417 0.111111 0.234954
6 0.322483 0.225694 0.101562 0.237269
6 0.248698 0.174769 0.134549 0.258102
10 0.703559 0.140625 0.177951 0.256944
