7 0.491319 0.329319 0.233796 0.169054
0 0.219618 0.753364 0.258681 0.174262
7 0.713397 0.448242 0.225984 0.170356
7 0.340856 0.206923 0.235532 0.149523
9 0.778501 0.223741 0.276331 0.220486
3 0.871383 0.527344 0.249132 0.170573
11 0.601562 0.416884 0.052083 0.040799
7 0.276331 0.466254 0.221644 0.178602
11 0.587818 0.209201 0.051794 0.036892
7 0.235243 0.310004 0.212384 0.163411
0 0.188657 0.612522 0.273727 0.1773
10 0.563657 0.710503 0.278935 0.210503
1 0.894097 0.711372 0.210648 0.204427
2 0.799769 0.626519 0.173611 0.108507
0 0.094184 0.698568 0.146701 0.119358
