5 0.687174 0.294705 0.135200 0.249132
7 0.839952 0.283420 0.127387 0.268229
6 0.555339 0.289062 0.147569 0.267361
0 0.217339 0.276476 0.126953 0.253762
5 0.711589 0.488426 0.126302 0.116319
4 0.412760 0.159288 0.139323 0.217303
4 0.398546 0.429543 0.117405 0.087674
4 0.409614 0.554688 0.119141 0.073495
4 0.404839 0.363571 0.123047 0.058738
4 0.407335 0.493200 0.122396 0.056424
0 0.208659 0.535735 0.132595 0.081887
11 0.705078 0.348524 0.044271 0.066840
4 0.402561 0.311198 0.116753 0.060475
7 0.879666 0.475694 0.141276 0.152199
0 0.217122 0.449363 0.123915 0.081597
6 0.579319 0.475405 0.139974 0.117477
11 0.848633 0.253762 0.054905 0.061921
