6 0.760742 0.149161 0.213325 0.238715
5 0.621528 0.253328 0.178819 0.255498
4 0.800022 0.424045 0.221571 0.233507
4 0.794705 0.580150 0.154080 0.286458
4 0.687283 0.893663 0.217448 0.212674
4 0.402235 0.781684 0.174262 0.284433
0 0.562391 0.449942 0.126519 0.241319
0 0.448242 0.396123 0.170790 0.171875
0 0.661892 0.676939 0.217882 0.244502
3 0.534288 0.868490 0.155816 0.262442
1 0.253689 0.867043 0.110677 0.255498
2 0.218859 0.640046 0.186415 0.214699
5 0.337891 0.524740 0.161024 0.265336
7 0.195312 0.433015 0.131510 0.239294
7 0.378255 0.204138 0.138455 0.236400
