0 0.313657 0.468099 0.232639 0.119792
7 0.401476 0.888021 0.237558 0.122396
5 0.163339 0.081923 0.247975 0.11263
7 0.404803 0.727105 0.230324 0.120443
4 0.358362 0.335178 0.195891 0.115668
7 0.425926 0.611003 0.23206 0.110026
7 0.668981 0.628906 0.216435 0.108507
4 0.547309 0.336806 0.143229 0.115451
6 0.163484 0.196181 0.247106 0.130208
5 0.387876 0.080838 0.194155 0.128255
6 0.374711 0.200629 0.190972 0.111762
5 0.562934 0.088759 0.153067 0.127604
8 0.171875 0.67513 0.228009 0.243056
6 0.555266 0.20204 0.164931 0.108073
11 0.642795 0.419054 0.055266 0.042969
0 0.503906 0.459093 0.155961 0.127387
11 0.655382 0.465929 0.060764 0.041667
