5 0.791522 0.894748 0.223669 0.117622
0 0.668837 0.440864 0.218461 0.142578
4 0.583478 0.637261 0.186632 0.096137
7 0.561487 0.221029 0.174479 0.104818
5 0.549913 0.860026 0.182002 0.09809
6 0.822917 0.751845 0.230903 0.185113
7 0.647569 0.117622 0.196759 0.108507
6 0.559896 0.756185 0.177083 0.135634
7 0.472801 0.385959 0.145833 0.095269
8 0.830295 0.327257 0.231771 0.233073
11 0.449219 0.510742 0.051215 0.034505
11 0.454427 0.548937 0.047743 0.034071
7 0.515046 0.3023 0.204861 0.09809
5 0.626736 0.902886 0.153935 0.127821
6 0.678964 0.758789 0.171586 0.127821
4 0.644821 0.574978 0.214988 0.113932
0 0.59375 0.480903 0.170718 0.092882
