4 0.776042 0.78776 0.115741 0.188368
4 0.704861 0.799045 0.105324 0.169271
4 0.619792 0.799479 0.185185 0.177083
0 0.378472 0.822483 0.15162 0.186632
0 0.270255 0.828125 0.25 0.206597
11 0.132523 0.33941 0.087963 0.0625
7 0.789931 0.226997 0.150463 0.202257
7 0.791667 0.422743 0.15162 0.189236
7 0.769676 0.600694 0.149306 0.180556
7 0.602431 0.612413 0.155093 0.195312
7 0.630208 0.417969 0.168981 0.19184
7 0.63831 0.22092 0.175926 0.195312
7 0.470486 0.186198 0.206019 0.217882
7 0.453125 0.409288 0.196759 0.202257
7 0.416667 0.615451 0.21412 0.206597
7 0.273148 0.383247 0.22338 0.221354
7 0.231481 0.60026 0.211806 0.210938
7 0.201389 0.133247 0.21412 0.240451
11 0.343171 0.252604 0.064815 0.045139
