0 0.520508 0.610243 0.166016 0.24537
1 0.552734 0.276186 0.146267 0.24103
0 0.43023 0.825087 0.123481 0.239873
4 0.804253 0.544271 0.094184 0.20544
6 0.723199 0.736979 0.113932 0.222801
6 0.596571 0.815538 0.136285 0.221354
1 0.718099 0.334201 0.098958 0.243634
2 0.367622 0.283999 0.153646 0.277488
5 0.849826 0.245226 0.09158 0.249132
8 0.21951 0.608073 0.280165 0.325521
7 0.63737 0.52228 0.124566 0.243056
11 0.414497 0.509115 0.043403 0.052951
11 0.632487 0.273582 0.037977 0.05353
11 0.403537 0.707755 0.036241 0.051505
