4 0.106228 0.635706 0.197700 0.249421
4 0.326280 0.825666 0.200738 0.214410
4 0.464301 0.800637 0.143012 0.260417
4 0.731771 0.820168 0.146701 0.257234
0 0.571289 0.609664 0.163845 0.263310
0 0.687391 0.410590 0.199870 0.226273
0 0.710829 0.549190 0.202040 0.210648
6 0.768880 0.161169 0.121962 0.232639
5 0.625651 0.166088 0.136285 0.238426
5 0.505534 0.331163 0.177300 0.269387
7 0.408203 0.132668 0.177517 0.261285
7 0.229709 0.230469 0.115234 0.233507
2 0.223741 0.407552 0.134549 0.248553
1 0.306424 0.602720 0.162326 0.267361
3 0.440755 0.591725 0.139323 0.259259
