0 0.773112 0.470341 0.119575 0.225984
2 0.647786 0.246962 0.108073 0.216725
7 0.618164 0.791088 0.119141 0.267361
3 0.3227 0.221354 0.173177 0.203125
7 0.595812 0.536169 0.122613 0.237269
6 0.31543 0.814815 0.126953 0.255208
3 0.530273 0.261719 0.113064 0.215567
1 0.474718 0.559606 0.121745 0.246528
5 0.471246 0.814236 0.123047 0.244792
3 0.296115 0.575666 0.157335 0.202257
1 0.751628 0.233362 0.119575 0.229456
0 0.818359 0.78559 0.132812 0.119213
0 0.793728 0.705006 0.133464 0.08015
0 0.781576 0.626013 0.126085 0.086516
