5 0.502315 0.845486 0.144676 0.133681
5 0.653935 0.848524 0.184028 0.138021
5 0.829861 0.847222 0.322917 0.166667
6 0.472801 0.710503 0.125 0.134549
6 0.58912 0.697483 0.15162 0.132812
6 0.803241 0.672309 0.311343 0.167535
1 0.674769 0.53342 0.28588 0.139757
1 0.492477 0.516927 0.175926 0.136285
2 0.490741 0.366753 0.174769 0.138021
2 0.685185 0.375868 0.302083 0.164931
3 0.676505 0.200521 0.31713 0.171875
3 0.481481 0.209201 0.186343 0.142361
11 0.91088 0.352865 0.086806 0.05816
11 0.879051 0.509983 0.074074 0.047743
10 0.254051 0.111111 0.243056 0.137153
