4 0.814345 0.198351 0.139106 0.207465
7 0.542643 0.409433 0.103082 0.181713
9 0.787652 0.611111 0.186849 0.185764
7 0.659831 0.390191 0.107856 0.207465
4 0.621745 0.16522 0.141493 0.248264
1 0.398872 0.59838 0.094184 0.172454
5 0.426541 0.405816 0.093099 0.202257
4 0.177409 0.233507 0.105686 0.222801
0 0.165039 0.49566 0.132161 0.210069
5 0.43457 0.158131 0.10178 0.212095
7 0.557943 0.619647 0.114149 0.198785
6 0.317057 0.365741 0.121962 0.209491
0 0.286458 0.602286 0.106771 0.171007
9 0.841254 0.407697 0.194227 0.201968
6 0.330187 0.150029 0.108724 0.21441
11 0.175564 0.663484 0.03776 0.045718
11 0.06326 0.630932 0.03928 0.048322
