7 0.262153 0.254340 0.097222 0.215856
7 0.410699 0.187645 0.107856 0.229456
2 0.324002 0.418692 0.099826 0.219907
1 0.433811 0.428819 0.118490 0.233218
3 0.620985 0.453704 0.132161 0.243056
4 0.213759 0.641927 0.148003 0.250868
4 0.446289 0.683015 0.135634 0.259549
4 0.577257 0.642216 0.132812 0.247975
4 0.727105 0.863137 0.162977 0.255208
0 0.717665 0.628183 0.153212 0.269097
0 0.601237 0.812355 0.129557 0.251447
0 0.854926 0.614583 0.171658 0.299769
6 0.755425 0.239294 0.135417 0.240162
5 0.632704 0.192998 0.121745 0.233218
5 0.498915 0.241464 0.117188 0.232350
