4 0.369068 0.344835 0.218461 0.12717
0 0.456019 0.222005 0.243634 0.11849
2 0.541667 0.559136 0.219907 0.106554
6 0.432436 0.88878 0.203414 0.102214
1 0.541233 0.454319 0.219618 0.11046
7 0.241464 0.129449 0.253762 0.136502
0 0.610388 0.226237 0.086516 0.111328
7 0.522714 0.103516 0.239294 0.123698
4 0.520255 0.340061 0.081597 0.102865
3 0.519531 0.659397 0.216146 0.099609
5 0.418692 0.795573 0.221644 0.09592
4 0.594473 0.342231 0.075521 0.103299
5 0.579572 0.794488 0.119213 0.096354
6 0.574508 0.893012 0.08015 0.090712
11 0.399306 0.453559 0.048032 0.036458
