6 0.671296 0.189128 0.264468 0.154731
6 0.391348 0.193359 0.244502 0.144097
7 0.837963 0.556424 0.270255 0.151042
0 0.842303 0.716797 0.267361 0.128038
7 0.203559 0.346571 0.232928 0.174479
7 0.513744 0.372287 0.287905 0.201606
4 0.261863 0.665148 0.21875 0.104601
7 0.565972 0.652778 0.240741 0.121528
7 0.82827 0.369575 0.293692 0.203993
7 0.398293 0.50293 0.249132 0.119575
11 0.60026 0.53559 0.059896 0.042535
11 0.219039 0.573351 0.056713 0.041233
11 0.650752 0.314236 0.071181 0.045573
11 0.413773 0.732096 0.052662 0.041016
11 0.58912 0.77474 0.059028 0.03559
