7 0.765191 0.604167 0.27691 0.151042
1 0.442274 0.788194 0.22309 0.141059
2 0.281395 0.619792 0.136863 0.115885
7 0.762587 0.45497 0.270544 0.14822
2 0.451244 0.631944 0.245081 0.144531
7 0.731192 0.883464 0.302083 0.148872
4 0.533999 0.215278 0.212095 0.240017
0 0.418403 0.396159 0.233796 0.107422
11 0.567274 0.491319 0.069155 0.050347
3 0.369358 0.50217 0.208623 0.121528
11 0.754051 0.359701 0.068287 0.050998
7 0.730758 0.74197 0.300058 0.144965
0 0.399161 0.297201 0.186632 0.129123
1 0.298756 0.804905 0.133391 0.13151
11 0.491753 0.657552 0.067419 0.049479
11 0.754051 0.729167 0.081019 0.057292
11 0.46875 0.389757 0.063657 0.045139
0 0.41956 0.257812 0.145833 0.171875
