7 0.66059 0.830729 0.155816 0.296296
7 0.464627 0.838252 0.117622 0.270833
2 0.59451 0.599248 0.140842 0.280671
1 0.466905 0.560764 0.142144 0.277199
3 0.287435 0.496383 0.107856 0.235822
5 0.382704 0.741464 0.114366 0.263021
5 0.255751 0.748843 0.11046 0.253472
6 0.162109 0.665943 0.105903 0.240451
4 0.343533 0.31467 0.107205 0.24103
4 0.474718 0.285301 0.156467 0.278935
4 0.23546 0.112703 0.140625 0.213831
0 0.225911 0.319589 0.109809 0.240451
0 0.123264 0.321759 0.117622 0.253472
0 0.335286 0.151331 0.128906 0.23669
4 0.766168 0.351128 0.203776 0.312211
