11 0.295573 0.363426 0.045139 0.060185
11 0.424479 0.696181 0.046007 0.054398
11 0.788628 0.861111 0.045139 0.055556
11 0.831163 0.695023 0.045139 0.059028
11 0.816840 0.596065 0.040799 0.060185
1 0.581163 0.450231 0.135417 0.261574
1 0.546875 0.325810 0.125868 0.255787
2 0.729601 0.441551 0.126736 0.258102
2 0.673611 0.352431 0.124132 0.248843
3 0.804688 0.364005 0.125868 0.258102
10 0.428819 0.390625 0.125868 0.265046
9 0.232205 0.534722 0.274306 0.229167
8 0.361979 0.836806 0.257812 0.219907
8 0.648438 0.755787 0.268229 0.256944
