7 0.84082 0.604601 0.097873 0.20978
0 0.443685 0.68099 0.117839 0.204572
4 0.330838 0.638166 0.115668 0.216725
7 0.693793 0.599103 0.088542 0.213252
4 0.325846 0.468171 0.112196 0.136574
7 0.579427 0.585214 0.088976 0.210938
8 0.630751 0.809606 0.217231 0.190394
7 0.603299 0.355758 0.105035 0.206308
5 0.101128 0.804977 0.105469 0.200231
5 0.091797 0.446036 0.096354 0.135706
0 0.442166 0.512587 0.110026 0.136863
6 0.20128 0.623987 0.122613 0.172164
5 0.091146 0.611545 0.106337 0.197627
6 0.208225 0.811632 0.103082 0.193287
11 0.44553 0.368779 0.038628 0.055845
6 0.197917 0.455874 0.111545 0.157118
11 0.401259 0.377459 0.043403 0.05353
