2 0.544271 0.507089 0.115017 0.225405
1 0.430122 0.507668 0.114149 0.231771
4 0.320964 0.667824 0.126736 0.201968
0 0.187283 0.571904 0.119792 0.228299
6 0.909614 0.60706 0.136936 0.219907
5 0.799805 0.625 0.116102 0.219907
5 0.818251 0.455295 0.11697 0.134549
3 0.657878 0.523582 0.11697 0.223669
7 0.079319 0.636863 0.136936 0.228588
6 0.936632 0.454282 0.114149 0.094329
4 0.305339 0.516927 0.105903 0.080729
0 0.184462 0.431858 0.121962 0.058738
4 0.310764 0.449942 0.105035 0.061921
11 0.432726 0.658709 0.044705 0.046007
7 0.066623 0.478588 0.123264 0.096644
