0 0.75463 0.323893 0.26794 0.185547
9 0.184462 0.785699 0.280382 0.261068
7 0.665799 0.818576 0.279514 0.212674
7 0.475116 0.648872 0.240741 0.19184
11 0.378906 0.797635 0.05353 0.044488
10 0.392072 0.275174 0.221644 0.177517
7 0.267506 0.52691 0.195891 0.164062
7 0.686198 0.486654 0.206308 0.199436
1 0.130787 0.316081 0.177662 0.164714
11 0.363426 0.551649 0.056713 0.038628
3 0.132378 0.46658 0.182581 0.157986
0 0.674624 0.204861 0.20978 0.15408
0 0.831453 0.241319 0.153067 0.104601
7 0.768953 0.672635 0.278067 0.21072
2 0.204716 0.362522 0.133391 0.113064
