6 0.833912 0.198351 0.284722 0.148438
6 0.762153 0.273003 0.252315 0.106771
6 0.744213 0.329427 0.255787 0.103299
5 0.740162 0.444878 0.275463 0.117188
5 0.772569 0.531684 0.303241 0.184896
10 0.849537 0.678385 0.295139 0.186632
11 0.576968 0.418837 0.05787 0.049479
11 0.549769 0.37717 0.063657 0.040799
11 0.104745 0.43099 0.071759 0.047743
11 0.108218 0.605035 0.069444 0.052083
3 0.34375 0.398438 0.271991 0.140625
2 0.434606 0.540799 0.282407 0.145833
2 0.347222 0.599826 0.248843 0.128472
1 0.549769 0.722222 0.292824 0.210069
1 0.402199 0.721788 0.25463 0.177951
