5 0.481192 0.491319 0.234375 0.132378
1 0.580584 0.840929 0.228299 0.173177
3 0.496672 0.683919 0.209201 0.138672
4 0.18099 0.455404 0.19647 0.157335
0 0.264323 0.245768 0.202836 0.157769
3 0.72555 0.544705 0.245081 0.203559
2 0.704427 0.244141 0.247396 0.173611
6 0.54485 0.325738 0.234375 0.174045
11 0.765191 0.164931 0.07147 0.050781
11 0.526331 0.292752 0.053819 0.041667
11 0.695747 0.573568 0.057581 0.041667
11 0.721354 0.936523 0.056134 0.042752
11 0.530671 0.514648 0.059028 0.049262
11 0.201244 0.236762 0.057581 0.042969
3 0.788773 0.182834 0.248264 0.201606
6 0.457755 0.375 0.172454 0.121094
4 0.235388 0.505642 0.154225 0.131076
11 0.436198 0.658095 0.051794 0.036241
2 0.497541 0.787435 0.208623 0.115668
7 0.74349 0.891385 0.225405 0.186415
