6 0.478516 0.282986 0.134549 0.252315
4 0.766819 0.273438 0.1148 0.222222
9 0.212565 0.389323 0.288845 0.2364
0 0.866645 0.312934 0.11046 0.242188
7 0.831597 0.717737 0.12066 0.206308
7 0.527886 0.757957 0.105252 0.215567
0 0.850911 0.467882 0.086806 0.092014
7 0.733507 0.743056 0.101562 0.20544
5 0.634874 0.245515 0.11046 0.264178
7 0.415365 0.75463 0.114583 0.216435
11 0.412869 0.506366 0.049696 0.056713
7 0.634983 0.732784 0.107639 0.220775
4 0.744141 0.432147 0.097656 0.080729
11 0.468316 0.471499 0.039062 0.050637
4 0.744358 0.525174 0.099826 0.096065
0 0.84375 0.531973 0.090712 0.047164
8 0.187934 0.685909 0.280382 0.226562
