7 0.510742 0.37934 0.169922 0.263889
7 0.653971 0.336082 0.181207 0.293692
7 0.583333 0.820457 0.177951 0.246817
7 0.364258 0.819444 0.134766 0.179977
7 0.214952 0.717014 0.112196 0.199074
5 0.42003 0.631076 0.144314 0.206019
9 0.403537 0.150174 0.23546 0.298611
7 0.633464 0.620226 0.179253 0.262442
7 0.141819 0.468027 0.11263 0.180845
0 0.327799 0.442853 0.11046 0.235822
7 0.229601 0.290943 0.12934 0.231771
2 0.234701 0.547164 0.105252 0.197917
10 0.77474 0.804253 0.193142 0.267072
11 0.263889 0.881221 0.032552 0.04022
