6 0.638021 0.634838 0.124566 0.231481
7 0.430447 0.191262 0.118707 0.230324
4 0.32411 0.680556 0.124783 0.234954
9 0.861545 0.514323 0.24783 0.22309
7 0.197049 0.204427 0.125434 0.222512
4 0.336589 0.512442 0.117622 0.086227
0 0.199978 0.486111 0.115668 0.092014
0 0.19694 0.655816 0.121745 0.249711
7 0.543186 0.170428 0.113281 0.218171
7 0.316732 0.178241 0.116102 0.219329
5 0.47895 0.687645 0.136285 0.241609
0 0.198242 0.412616 0.117405 0.056134
7 0.656901 0.18316 0.115017 0.222801
4 0.324544 0.414062 0.117839 0.103009
11 0.680664 0.421296 0.047092 0.056713
11 0.6301 0.457465 0.041016 0.049769
8 0.858181 0.25 0.234158 0.196759
