6 0.801649 0.833912 0.148438 0.284722
6 0.726997 0.762153 0.106771 0.252315
6 0.670573 0.744213 0.103299 0.255787
5 0.555122 0.740162 0.117188 0.275463
5 0.468316 0.772569 0.184896 0.303241
10 0.321615 0.849537 0.186632 0.295139
11 0.581163 0.576968 0.049479 0.057870
11 0.622830 0.549769 0.040799 0.063657
11 0.569010 0.104745 0.047743 0.071759
11 0.394965 0.108218 0.052083 0.069444
3 0.601562 0.343750 0.140625 0.271991
2 0.459201 0.434606 0.145833 0.282407
2 0.400174 0.347222 0.128472 0.248843
1 0.277778 0.549769 0.210069 0.292824
1 0.278212 0.402199 0.177951 0.254630
