4 0.185655 0.801649 0.139106 0.207465
7 0.457357 0.590567 0.103082 0.181713
9 0.212348 0.388889 0.186849 0.185764
7 0.340169 0.609809 0.107856 0.207465
4 0.378255 0.834780 0.141493 0.248264
1 0.601128 0.401620 0.094184 0.172454
5 0.573459 0.594184 0.093099 0.202257
4 0.822591 0.766493 0.105686 0.222801
0 0.834961 0.504340 0.132161 0.210069
5 0.565430 0.841869 0.101780 0.212095
7 0.442057 0.380353 0.114149 0.198785
6 0.682943 0.634259 0.121962 0.209491
0 0.713542 0.397714 0.106771 0.171007
9 0.158746 0.592303 0.194227 0.201968
6 0.669813 0.849971 0.108724 0.214410
11 0.824436 0.336516 0.037760 0.045718
11 0.936740 0.369068 0.039280 0.048322
