7 0.495081 0.641602 0.238426 0.130859
7 0.511285 0.353624 0.245949 0.129991
7 0.209491 0.703451 0.253472 0.136936
5 0.804109 0.396701 0.231481 0.15625
7 0.64945 0.236762 0.261285 0.165365
7 0.52691 0.491211 0.216435 0.102648
6 0.815104 0.583333 0.207755 0.158854
0 0.222367 0.369575 0.263021 0.135417
0 0.161748 0.53635 0.228009 0.123915
1 0.339554 0.166124 0.261863 0.13737
1 0.435764 0.773112 0.212963 0.106554
3 0.701534 0.676107 0.213252 0.135634
11 0.619358 0.716797 0.05353 0.03342
11 0.594763 0.777235 0.045428 0.034071
