6 0.861545 0.338216 0.253183 0.156467
5 0.707031 0.477322 0.194734 0.094835
7 0.760127 0.68023 0.222801 0.117405
9 0.731337 0.837999 0.195891 0.150391
7 0.525174 0.602865 0.219329 0.128472
4 0.522714 0.134115 0.088252 0.107639
4 0.681424 0.128255 0.197917 0.121962
0 0.637876 0.234158 0.221354 0.128906
7 0.717303 0.57487 0.225116 0.094618
1 0.492477 0.435872 0.215278 0.095269
4 0.447049 0.145182 0.075231 0.115017
9 0.555266 0.781793 0.170139 0.180339
11 0.859809 0.766602 0.050637 0.034071
11 0.853154 0.817166 0.050637 0.035373
5 0.851997 0.452582 0.228299 0.118707
6 0.698061 0.340929 0.143808 0.112413
0 0.489439 0.289822 0.15191 0.109158
