4 0.605758 0.283095 0.208044 0.22678
0 0.545428 0.69553 0.22338 0.147135
5 0.746817 0.599284 0.261574 0.160373
6 0.939525 0.360786 0.12037 0.200304
2 0.441985 0.584635 0.274595 0.12066
3 0.36603 0.416558 0.288773 0.186849
11 0.921296 0.53049 0.068287 0.041884
11 0.893084 0.144423 0.070891 0.055773
0 0.534288 0.815647 0.197627 0.103082
7 0.683304 0.479926 0.238715 0.118707
7 0.841869 0.114366 0.272859 0.216146
7 0.297454 0.131619 0.320023 0.251519
11 0.279369 0.165148 0.069155 0.059028
11 0.735966 0.462674 0.061053 0.045139
11 0.323061 0.428602 0.058738 0.049913
6 0.841001 0.395833 0.131655 0.197049
3 0.371672 0.51378 0.263021 0.100043
11 0.478877 0.734484 0.055556 0.037109
0 0.477865 0.789714 0.188368 0.053385
0 0.458044 0.724826 0.145833 0.086806
11 0.798466 0.712565 0.060475 0.029731
7 0.84809 0.694661 0.248264 0.147135
4 0.477286 0.321506 0.16522 0.20421
