10 0.117622 0.759838 0.150174 0.215278
1 0.52474 0.532407 0.134549 0.181713
1 0.553385 0.364583 0.143229 0.278935
2 0.389757 0.35706 0.173611 0.305556
2 0.37717 0.547454 0.143229 0.15625
3 0.21441 0.546875 0.140625 0.189815
3 0.209201 0.365162 0.170139 0.3125
6 0.71224 0.570602 0.12066 0.107639
6 0.708767 0.458333 0.134549 0.137731
6 0.69184 0.252315 0.15625 0.299769
5 0.843316 0.534144 0.118924 0.134259
5 0.855469 0.401042 0.125868 0.166667
5 0.871962 0.212963 0.148438 0.311343
11 0.532552 0.162616 0.046007 0.081019
11 0.364149 0.124421 0.054688 0.083333
