0 0.261936 0.101562 0.144097 0.203125
5 0.688477 0.54702 0.146484 0.309896
6 0.572591 0.583623 0.096137 0.261574
7 0.558919 0.225116 0.217665 0.279514
7 0.375868 0.402344 0.15625 0.221933
7 0.254015 0.550347 0.128255 0.146991
7 0.543186 0.830295 0.178385 0.262442
0 0.291016 0.275463 0.146267 0.204861
11 0.183702 0.431134 0.035373 0.058449
7 0.378472 0.697627 0.11849 0.225116
10 0.195312 0.392361 0.117622 0.224537
6 0.49707 0.555845 0.129557 0.273727
11 0.371311 0.696904 0.03559 0.055845
0 0.259874 0.18316 0.14171 0.142361
