0 0.248372 0.187645 0.097439 0.194734
0 0.301649 0.202112 0.082899 0.198785
0 0.395399 0.180700 0.101997 0.205150
3 0.359158 0.486979 0.101997 0.197338
2 0.466363 0.485677 0.105903 0.205150
1 0.581814 0.449363 0.119792 0.223380
4 0.603082 0.161314 0.103299 0.215567
4 0.685981 0.177951 0.075521 0.217593
4 0.746202 0.204716 0.100043 0.227141
4 0.810004 0.219184 0.100043 0.225984
7 0.847548 0.623843 0.197266 0.260417
7 0.733724 0.729167 0.181424 0.255208
5 0.386068 0.768519 0.113715 0.209491
5 0.415473 0.918547 0.105252 0.111400
6 0.298611 0.877315 0.105903 0.200810
