0 0.521557 0.441949 0.253183 0.121311
1 0.805266 0.447483 0.179398 0.130642
7 0.810619 0.268663 0.198206 0.15625
1 0.783275 0.541016 0.191551 0.101128
7 0.77445 0.103516 0.185475 0.163628
7 0.60706 0.242622 0.248264 0.223524
2 0.771267 0.723958 0.18316 0.115017
4 0.500868 0.809136 0.244213 0.117405
4 0.512731 0.715169 0.233796 0.085286
2 0.784722 0.635634 0.179398 0.071615
3 0.746817 0.833767 0.179398 0.132378
0 0.519097 0.541233 0.273148 0.15191
4 0.443866 0.892795 0.268519 0.167535
11 0.775463 0.863715 0.056713 0.041667
11 0.762153 0.646701 0.055556 0.039931
