7 0.778537 0.238860 0.212891 0.164641
7 0.567817 0.348814 0.198134 0.165799
7 0.740017 0.609520 0.245226 0.229456
6 0.430447 0.144242 0.173394 0.147859
7 0.602648 0.212240 0.171441 0.151910
7 0.771918 0.399161 0.225260 0.209780
7 0.532227 0.510417 0.189453 0.199653
5 0.369900 0.308449 0.158203 0.092014
11 0.553928 0.733796 0.045790 0.060764
11 0.363824 0.651476 0.045356 0.061632
11 0.535482 0.474537 0.053602 0.066551
5 0.363932 0.404080 0.168837 0.125868
11 0.575521 0.319155 0.043403 0.054398
11 0.343207 0.421007 0.041016 0.049769
6 0.398872 0.222656 0.141493 0.104456
11 0.439670 0.130208 0.035590 0.048611
