4 0.814236 0.8227 0.220486 0.141493
9 0.397135 0.791884 0.193576 0.184028
7 0.591291 0.546224 0.175637 0.103299
9 0.603154 0.852865 0.205729 0.190538
4 0.838397 0.624783 0.250868 0.145399
5 0.592882 0.430881 0.190972 0.103082
1 0.40625 0.409722 0.160301 0.092448
7 0.617622 0.664714 0.206308 0.108941
7 0.389178 0.564345 0.18287 0.113498
0 0.500289 0.174479 0.203125 0.12934
4 0.745804 0.168945 0.19647 0.115234
5 0.842014 0.434679 0.219907 0.105035
0 0.401765 0.297201 0.180845 0.122179
6 0.630208 0.321072 0.20081 0.119141
6 0.842303 0.330946 0.223958 0.108941
11 0.36849 0.082248 0.047164 0.038194
11 0.338831 0.192925 0.043981 0.033854
