7 0.32827 0.413411 0.217882 0.119358
7 0.362413 0.65191 0.217303 0.112413
7 0.288484 0.169488 0.230324 0.145399
4 0.571325 0.183485 0.256655 0.119141
7 0.38151 0.781576 0.202257 0.126953
4 0.596788 0.583442 0.245081 0.122179
0 0.581308 0.279514 0.233218 0.092448
7 0.344907 0.532227 0.217014 0.106554
7 0.340712 0.28635 0.239294 0.141276
0 0.573929 0.425239 0.236979 0.094401
11 0.416233 0.582031 0.055266 0.041667
11 0.5136 0.651259 0.052662 0.039931
4 0.581163 0.497613 0.249132 0.081597
11 0.493634 0.581489 0.046875 0.041016
11 0.333333 0.435764 0.054398 0.036458
0 0.578704 0.34158 0.255787 0.106771
11 0.321181 0.34158 0.055556 0.039062
