7 0.489258 0.620660 0.169922 0.263889
7 0.346029 0.663918 0.181207 0.293692
7 0.416667 0.179543 0.177951 0.246817
7 0.635742 0.180556 0.134766 0.179977
7 0.785048 0.282986 0.112196 0.199074
5 0.579970 0.368924 0.144314 0.206019
9 0.596463 0.849826 0.235460 0.298611
7 0.366536 0.379774 0.179253 0.262442
7 0.858181 0.531973 0.112630 0.180845
0 0.672201 0.557147 0.110460 0.235822
7 0.770399 0.709057 0.129340 0.231771
2 0.765299 0.452836 0.105252 0.197917
10 0.225260 0.195747 0.193142 0.267072
11 0.736111 0.118779 0.032552 0.040220
