8 0.791667 0.766059 0.259259 0.263889
8 0.711227 0.446181 0.329861 0.328993
9 0.478009 0.832899 0.208333 0.220486
10 0.340278 0.658854 0.219907 0.117188
1 0.377315 0.514757 0.259259 0.131076
1 0.270833 0.542101 0.222222 0.121528
2 0.345486 0.357639 0.265046 0.15191
2 0.274884 0.416667 0.241898 0.131076
3 0.254051 0.27908 0.251157 0.135417
11 0.337384 0.763455 0.049769 0.038194
11 0.620949 0.690538 0.061343 0.048611
11 0.825231 0.269097 0.090278 0.065104
11 0.597801 0.219618 0.075231 0.061632
11 0.478588 0.24566 0.063657 0.052951
