0 0.736762 0.87037 0.201823 0.251736
7 0.382595 0.701534 0.25434 0.270544
6 0.45497 0.376881 0.158203 0.276331
5 0.251411 0.391204 0.159071 0.295139
7 0.602431 0.530093 0.193576 0.240162
7 0.758247 0.366464 0.174479 0.179109
7 0.416667 0.122251 0.19401 0.219618
7 0.604384 0.227575 0.165799 0.228877
11 0.844293 0.492477 0.04579 0.052083
0 0.704753 0.657697 0.189453 0.173611
0 0.740777 0.777199 0.189019 0.144676
10 0.842665 0.525029 0.166667 0.22309
11 0.605903 0.222222 0.040365 0.060185
6 0.361003 0.35706 0.10395 0.26331
