9 0.453668 0.832899 0.264106 0.333623
2 0.699327 0.361834 0.145182 0.220197
7 0.699002 0.668981 0.191406 0.300926
7 0.718641 0.146846 0.185981 0.19647
5 0.433268 0.359809 0.147352 0.168692
7 0.492622 0.147714 0.161892 0.202257
7 0.866645 0.410012 0.23546 0.273148
7 0.27832 0.441262 0.115668 0.224537
0 0.549913 0.521557 0.138021 0.241609
7 0.257595 0.668981 0.123698 0.232639
7 0.314779 0.262731 0.117839 0.157407
7 0.362522 0.619502 0.127387 0.244792
10 0.19987 0.344329 0.112413 0.179977
11 0.638021 0.017072 0.038628 0.034144
