7 0.142687 0.728299 0.143012 0.265625
5 0.635308 0.495226 0.169054 0.311053
7 0.226997 0.228588 0.127604 0.251736
5 0.665582 0.723524 0.181424 0.185475
7 0.295247 0.541522 0.136502 0.270544
7 0.269531 0.790799 0.124566 0.25
7 0.36339 0.294994 0.129557 0.293113
7 0.174371 0.479167 0.147352 0.292824
6 0.457031 0.753906 0.160156 0.283275
11 0.566732 0.746817 0.058811 0.078125
11 0.576063 0.449074 0.055773 0.068287
11 0.133898 0.463831 0.049479 0.0625
11 0.446181 0.579138 0.05599 0.067419
11 0.344944 0.279803 0.050998 0.064236
6 0.43967 0.617766 0.172743 0.321759
11 0.289062 0.773872 0.050347 0.078993
5 0.618273 0.864583 0.15625 0.216435
