0 0.470341 0.226888 0.225984 0.119575
2 0.246962 0.352214 0.216725 0.108073
7 0.791088 0.381836 0.267361 0.119141
3 0.221354 0.6773 0.203125 0.173177
7 0.536169 0.404188 0.237269 0.122613
6 0.814815 0.68457 0.255208 0.126953
3 0.261719 0.469727 0.215567 0.113064
1 0.559606 0.525282 0.246528 0.121745
5 0.814236 0.528754 0.244792 0.123047
3 0.575666 0.703885 0.202257 0.157335
1 0.233362 0.248372 0.229456 0.119575
0 0.78559 0.181641 0.119213 0.132812
0 0.705006 0.206272 0.08015 0.133464
0 0.626013 0.218424 0.086516 0.126085
