4 0.438368 0.314019 0.221644 0.125
1 0.605469 0.4273 0.230035 0.115017
6 0.525029 0.914931 0.231192 0.122396
2 0.608941 0.535156 0.232928 0.123698
5 0.494068 0.805122 0.238137 0.106337
0 0.533275 0.187066 0.23206 0.116753
4 0.597222 0.303711 0.078125 0.104818
7 0.45761 0.075304 0.210359 0.127604
3 0.597222 0.648329 0.226852 0.115668
5 0.672598 0.802843 0.125868 0.107856
6 0.677083 0.92079 0.095486 0.104601
0 0.670428 0.188802 0.059028 0.111545
11 0.454861 0.430664 0.054398 0.04362
4 0.658565 0.310438 0.061921 0.111328
7 0.621672 0.07411 0.099248 0.097873
