4 0.383102 0.286892 0.237269 0.125868
4 0.399306 0.205729 0.21875 0.107639
0 0.646991 0.323351 0.181713 0.12066
0 0.655671 0.251302 0.18287 0.084201
7 0.560185 0.444878 0.202546 0.108507
7 0.75 0.471788 0.165509 0.113715
7 0.728588 0.571615 0.210648 0.099826
7 0.701389 0.686632 0.207176 0.111111
7 0.649306 0.825521 0.225694 0.149306
7 0.427083 0.815972 0.265046 0.175347
7 0.484375 0.653646 0.229167 0.125
7 0.511574 0.541233 0.21875 0.101562
7 0.251157 0.562066 0.295139 0.139757
7 0.226273 0.72309 0.321759 0.194444
7 0.321759 0.440972 0.278935 0.15625
