0 0.280093 0.226562 0.265046 0.305556
0 0.309606 0.409722 0.247685 0.102431
0 0.329861 0.497396 0.237269 0.090278
0 0.337384 0.573351 0.243056 0.082465
0 0.338542 0.659722 0.238426 0.086806
0 0.311921 0.747396 0.24537 0.074653
0 0.311921 0.822917 0.238426 0.071181
0 0.327546 0.890625 0.241898 0.069444
4 0.742477 0.248698 0.25463 0.318576
4 0.695602 0.436198 0.253472 0.094618
4 0.761574 0.509983 0.262731 0.108507
4 0.766782 0.583333 0.266204 0.095486
4 0.802662 0.666233 0.263889 0.096354
4 0.781829 0.749566 0.261574 0.09809
4 0.775463 0.834635 0.262731 0.085938
4 0.768519 0.916233 0.262731 0.078993
