5 0.53342 0.18967 0.117622 0.260127
7 0.372179 0.198495 0.117188 0.263889
0 0.216146 0.490162 0.118924 0.203125
7 0.382053 0.449653 0.104818 0.244213
2 0.326172 0.713108 0.091146 0.192419
1 0.548828 0.452546 0.135417 0.236111
3 0.437174 0.716435 0.1148 0.204282
1 0.228516 0.714699 0.101128 0.221065
3 0.625868 0.726852 0.118056 0.199074
6 0.690538 0.197772 0.137153 0.286169
3 0.685547 0.442853 0.115885 0.226562
0 0.171875 0.184028 0.128038 0.112269
0 0.206814 0.34838 0.104167 0.083333
0 0.19553 0.266493 0.122396 0.073495
