0 0.314345 0.477141 0.191189 0.239005
4 0.717773 0.498987 0.183811 0.175058
0 0.142361 0.483218 0.137587 0.217014
6 0.680773 0.826244 0.197917 0.231192
2 0.450087 0.380353 0.141493 0.233507
7 0.299371 0.812066 0.202474 0.237558
3 0.592556 0.327546 0.16645 0.204861
5 0.430339 0.669126 0.173177 0.260706
7 0.866536 0.677228 0.168403 0.286169
11 0.284288 0.739439 0.042101 0.067419
7 0.794813 0.293258 0.166016 0.184317
11 0.513129 0.824508 0.036675 0.070891
11 0.273655 0.410156 0.049913 0.058738
11 0.587457 0.282986 0.039062 0.060764
7 0.553819 0.582899 0.113281 0.225984
11 0.854601 0.697627 0.047309 0.075231
11 0.775065 0.266638 0.04796 0.059317
3 0.512587 0.324508 0.103733 0.19647
0 0.271918 0.408275 0.112847 0.159722
0 0.196398 0.441696 0.072049 0.203993
6 0.653212 0.710648 0.15842 0.13831
4 0.681315 0.403501 0.143446 0.119502
11 0.576823 0.620081 0.039497 0.051505
