7 0.590712 0.726273 0.146701 0.217593
7 0.47092 0.711227 0.110243 0.240741
7 0.370226 0.692708 0.125868 0.217593
7 0.250434 0.650463 0.143229 0.202546
7 0.207031 0.457176 0.157118 0.241898
7 0.338976 0.460648 0.141493 0.244213
7 0.438368 0.469329 0.145833 0.233796
7 0.567708 0.494792 0.157986 0.263889
7 0.480469 0.241319 0.16059 0.289352
7 0.356337 0.22338 0.171007 0.313657
7 0.228299 0.254051 0.180556 0.298611
0 0.740451 0.591435 0.152778 0.246528
0 0.858073 0.589699 0.09809 0.256944
4 0.688368 0.245949 0.173611 0.326389
4 0.822917 0.212384 0.149306 0.349537
