4 0.415799 0.408095 0.185764 0.171658
0 0.510561 0.72168 0.238137 0.138672
5 0.677662 0.643229 0.269097 0.136719
0 0.532118 0.836155 0.180556 0.094618
2 0.403067 0.620551 0.21412 0.096571
6 0.836082 0.423828 0.227141 0.217014
7 0.677517 0.201063 0.304688 0.193359
11 0.828704 0.589193 0.0625 0.039062
7 0.240307 0.25651 0.17853 0.1875
3 0.333333 0.552843 0.217593 0.078776
7 0.806424 0.746094 0.232639 0.13151
11 0.699074 0.232096 0.066551 0.054036
11 0.740596 0.759766 0.073785 0.041233
7 0.588686 0.539062 0.217303 0.109375
11 0.220775 0.289714 0.052662 0.053385
4 0.484954 0.362413 0.202546 0.197049
11 0.624132 0.518772 0.059028 0.037977
11 0.45544 0.75434 0.04919 0.03342
11 0.284867 0.491211 0.046007 0.035373
3 0.322193 0.485352 0.212095 0.14822
0 0.478877 0.799154 0.171296 0.0523
0 0.446904 0.742188 0.124132 0.061632
6 0.717593 0.451063 0.144676 0.155599
