6 0.245804 0.542969 0.246817 0.166233
4 0.610822 0.535916 0.23206 0.142144
4 0.419705 0.628038 0.252604 0.138455
7 0.662616 0.249457 0.245949 0.111328
5 0.722367 0.440755 0.246817 0.129774
8 0.830006 0.707899 0.311053 0.291233
7 0.182436 0.333008 0.241609 0.128689
0 0.427662 0.219944 0.195602 0.117839
2 0.570168 0.391819 0.176794 0.119141
4 0.458912 0.51747 0.153935 0.10829
5 0.263889 0.422418 0.189236 0.121745
4 0.539497 0.689779 0.246817 0.208984
5 0.782118 0.38303 0.232639 0.155816
0 0.398438 0.311089 0.226273 0.129123
0 0.326823 0.24924 0.111979 0.076172
11 0.388166 0.325738 0.049479 0.03342
11 0.593895 0.383464 0.052951 0.036892
11 0.649306 0.268772 0.043403 0.029731
11 0.427951 0.621311 0.054398 0.044271
