10 0.73669 0.872396 0.224537 0.161458
3 0.50463 0.773003 0.179398 0.141493
3 0.311343 0.779948 0.318287 0.174479
2 0.490741 0.609809 0.158565 0.136285
2 0.295718 0.601997 0.300926 0.172743
1 0.465278 0.472656 0.158565 0.12066
1 0.292245 0.447917 0.266204 0.130208
6 0.47338 0.305556 0.09838 0.098958
6 0.375 0.309028 0.135417 0.107639
6 0.174769 0.317708 0.288194 0.126736
5 0.434028 0.198785 0.114583 0.090278
5 0.309028 0.185764 0.149306 0.100694
5 0.14294 0.169271 0.275463 0.125
11 0.100116 0.461372 0.078704 0.046007
11 0.068866 0.621962 0.083333 0.054688
