0 0.320312 0.587131 0.21412 0.138238
5 0.19401 0.128364 0.24566 0.139106
7 0.329427 0.875543 0.171586 0.090929
6 0.16522 0.283963 0.222801 0.196398
7 0.468027 0.720486 0.188947 0.101128
4 0.41276 0.395616 0.197049 0.094618
7 0.510417 0.643229 0.147569 0.094184
6 0.443721 0.271267 0.197049 0.139757
8 0.157697 0.696289 0.189236 0.203776
5 0.377315 0.105794 0.17419 0.124783
11 0.546007 0.52322 0.049769 0.03342
11 0.542245 0.486762 0.046875 0.037326
7 0.412905 0.791992 0.19213 0.085286
0 0.387731 0.549696 0.186921 0.079861
4 0.341725 0.462891 0.208912 0.09375
6 0.313802 0.27691 0.186053 0.132378
5 0.465712 0.154839 0.183738 0.106988
