7 0.221463 0.76114 0.212891 0.164641
7 0.432183 0.651186 0.198134 0.165799
7 0.259983 0.39048 0.245226 0.229456
6 0.569553 0.855758 0.173394 0.147859
7 0.397352 0.78776 0.171441 0.15191
7 0.228082 0.600839 0.22526 0.20978
7 0.467773 0.489583 0.189453 0.199653
5 0.6301 0.691551 0.158203 0.092014
11 0.446072 0.266204 0.04579 0.060764
11 0.636176 0.348524 0.045356 0.061632
11 0.464518 0.525463 0.053602 0.066551
5 0.636068 0.59592 0.168837 0.125868
11 0.424479 0.680845 0.043403 0.054398
11 0.656793 0.578993 0.041016 0.049769
6 0.601128 0.777344 0.141493 0.104456
11 0.56033 0.869792 0.03559 0.048611
