7 0.633247 0.832031 0.121528 0.27691
5 0.472548 0.838397 0.121745 0.242766
0 0.810872 0.519387 0.112196 0.24537
7 0.630751 0.566696 0.1148 0.256655
3 0.573025 0.258536 0.142144 0.228877
2 0.702582 0.261574 0.103082 0.235532
1 0.801215 0.260706 0.124566 0.253472
3 0.362305 0.247106 0.154297 0.222801
1 0.459418 0.567853 0.142361 0.2636
3 0.313802 0.57798 0.137153 0.214988
6 0.316298 0.832176 0.139106 0.274884
0 0.83431 0.83724 0.123047 0.113715
0 0.81684 0.756221 0.125 0.083044
0 0.812391 0.672888 0.113932 0.08941
