4 0.801649 0.814345 0.207465 0.139106
7 0.590567 0.542643 0.181713 0.103082
9 0.388889 0.787652 0.185764 0.186849
7 0.609809 0.659831 0.207465 0.107856
4 0.83478 0.621745 0.248264 0.141493
1 0.40162 0.398872 0.172454 0.094184
5 0.594184 0.426541 0.202257 0.093099
4 0.766493 0.177409 0.222801 0.105686
0 0.50434 0.165039 0.210069 0.132161
5 0.841869 0.43457 0.212095 0.10178
7 0.380353 0.557943 0.198785 0.114149
6 0.634259 0.317057 0.209491 0.121962
0 0.397714 0.286458 0.171007 0.106771
9 0.592303 0.841254 0.201968 0.194227
6 0.849971 0.330187 0.21441 0.108724
11 0.336516 0.175564 0.045718 0.03776
11 0.369068 0.06326 0.048322 0.03928
