0 0.761719 0.870515 0.131944 0.248553
0 0.581597 0.832031 0.109809 0.228877
0 0.69911 0.838397 0.105252 0.225984
1 0.399848 0.518663 0.106554 0.208623
2 0.521376 0.4932 0.105252 0.208623
3 0.641385 0.501736 0.112196 0.210648
4 0.353299 0.809172 0.121962 0.227141
5 0.624023 0.218171 0.11697 0.208912
6 0.724067 0.115596 0.114366 0.199942
7 0.282878 0.248119 0.152127 0.221933
7 0.17589 0.334346 0.156033 0.225984
4 0.270833 0.778935 0.083333 0.234954
4 0.214844 0.738715 0.093316 0.233218
4 0.168294 0.706163 0.07487 0.220197
5 0.598199 0.071181 0.107422 0.089699
