7 0.255859 0.216580 0.113715 0.245660
7 0.428277 0.160880 0.121745 0.251736
2 0.328993 0.406829 0.113715 0.238426
1 0.449653 0.424334 0.125000 0.247396
3 0.637695 0.463831 0.123481 0.233218
5 0.519314 0.234954 0.123698 0.243634
5 0.661675 0.202980 0.122830 0.247975
6 0.780056 0.267940 0.121745 0.248264
0 0.718533 0.631800 0.138021 0.244502
0 0.849175 0.626447 0.151910 0.260417
0 0.608073 0.798900 0.127604 0.228009
4 0.587999 0.643519 0.124349 0.224537
4 0.464084 0.678675 0.144748 0.254340
4 0.721571 0.836950 0.157118 0.221933
4 0.207248 0.630787 0.166233 0.255208
