7 0.285156 0.378147 0.237558 0.118273
7 0.269821 0.268012 0.249132 0.106337
4 0.553964 0.50293 0.246238 0.1148
0 0.528791 0.304253 0.234086 0.068142
7 0.29702 0.619575 0.245081 0.125868
7 0.254919 0.165582 0.25 0.103733
7 0.328559 0.750977 0.242188 0.126953
7 0.289352 0.493056 0.243634 0.113281
0 0.531829 0.360135 0.21875 0.066189
4 0.543258 0.417318 0.231192 0.06684
4 0.508536 0.190972 0.213831 0.052517
0 0.525752 0.248372 0.201389 0.069661
11 0.258681 0.737847 0.06713 0.050347
11 0.257523 0.485243 0.053241 0.038194
11 0.233796 0.145399 0.061343 0.042535
11 0.512731 0.245226 0.052083 0.039062
11 0.496528 0.504774 0.049769 0.046007
