0 0.226562 0.719907 0.305556 0.265046
0 0.409722 0.690394 0.102431 0.247685
0 0.497396 0.670139 0.090278 0.237269
0 0.573351 0.662616 0.082465 0.243056
0 0.659722 0.661458 0.086806 0.238426
0 0.747396 0.688079 0.074653 0.245370
0 0.822917 0.688079 0.071181 0.238426
0 0.890625 0.672454 0.069444 0.241898
4 0.248698 0.257523 0.318576 0.254630
4 0.436198 0.304398 0.094618 0.253472
4 0.509983 0.238426 0.108507 0.262731
4 0.583333 0.233218 0.095486 0.266204
4 0.666233 0.197338 0.096354 0.263889
4 0.749566 0.218171 0.098090 0.261574
4 0.834635 0.224537 0.085938 0.262731
4 0.916233 0.231481 0.078993 0.262731
