4 0.7011 0.172852 0.214699 0.136502
0 0.188223 0.224392 0.192419 0.202691
7 0.662326 0.365885 0.188079 0.150174
5 0.542535 0.612088 0.125 0.125217
6 0.665943 0.550781 0.143229 0.105903
9 0.15842 0.501194 0.282697 0.226345
7 0.43287 0.104818 0.270255 0.181424
0 0.319734 0.222222 0.140625 0.15408
9 0.295139 0.648438 0.314815 0.14974
8 0.85026 0.357096 0.188947 0.212457
7 0.367477 0.49056 0.163773 0.13737
7 0.53342 0.469944 0.187211 0.143446
11 0.1182 0.446398 0.062211 0.039497
11 0.447772 0.331706 0.055845 0.044488
0 0.423177 0.332248 0.187211 0.161458
4 0.688802 0.251194 0.224248 0.101345
11 0.730903 0.132812 0.055556 0.043403
11 0.519965 0.475911 0.043403 0.031684
11 0.356481 0.503906 0.056713 0.039062
0 0.361979 0.299154 0.183449 0.168186
6 0.634549 0.597873 0.08912 0.11849
