4 0.546007 0.298177 0.214699 0.217448
4 0.487413 0.465386 0.227141 0.150391
0 0.668258 0.761285 0.190104 0.103299
6 0.807581 0.426541 0.193287 0.152561
8 0.256366 0.29872 0.347801 0.312717
7 0.447772 0.774957 0.221933 0.139757
5 0.377604 0.58214 0.263889 0.121311
7 0.85923 0.616102 0.172743 0.138021
0 0.696181 0.666775 0.214699 0.124349
11 0.696904 0.647352 0.049479 0.038628
11 0.459491 0.754449 0.054977 0.035807
11 0.664062 0.362305 0.059028 0.04796
4 0.665075 0.350477 0.191262 0.128472
4 0.630064 0.471463 0.14728 0.133464
5 0.795139 0.534505 0.144676 0.126302
0 0.751302 0.718641 0.096933 0.064887
5 0.318432 0.657878 0.239294 0.163411
2 0.531829 0.621528 0.201389 0.164931
11 0.514612 0.620334 0.051794 0.034071
