6 0.189236 0.180556 0.177083 0.346065
6 0.28559 0.248843 0.126736 0.292824
6 0.358073 0.274306 0.12066 0.292824
5 0.476562 0.258102 0.135417 0.292824
5 0.561198 0.218171 0.193576 0.324074
3 0.450087 0.673032 0.144965 0.25463
2 0.585938 0.55787 0.128472 0.248843
2 0.643229 0.631944 0.107639 0.232639
1 0.746962 0.416088 0.174479 0.277778
1 0.741319 0.563079 0.144097 0.210648
11 0.652344 0.83044 0.047743 0.05787
11 0.499566 0.873843 0.039062 0.061343
11 0.420573 0.475116 0.051215 0.081019
11 0.461806 0.439236 0.052083 0.060185
10 0.703993 0.139468 0.170139 0.275463
