7 0.176794 0.566189 0.300347 0.124566
6 0.199219 0.25293 0.274016 0.135634
5 0.18287 0.399957 0.269676 0.125434
1 0.45327 0.39898 0.243924 0.127821
0 0.511719 0.767253 0.238715 0.141276
3 0.736545 0.325195 0.206887 0.146918
2 0.75463 0.647461 0.221644 0.117405
7 0.455874 0.571723 0.24566 0.121311
3 0.748843 0.515734 0.206597 0.147352
1 0.765625 0.760742 0.23669 0.144748
3 0.444155 0.263889 0.20081 0.12934
0 0.159144 0.796549 0.12963 0.14822
0 0.253617 0.775174 0.08478 0.148872
0 0.340567 0.766059 0.094907 0.134983
