4 0.473814 0.405165 0.262442 0.135417
6 0.564236 0.953776 0.206597 0.092014
1 0.659867 0.522135 0.252025 0.11849
0 0.585359 0.25076 0.280093 0.149523
2 0.659867 0.632161 0.240451 0.108507
7 0.500434 0.108615 0.2989 0.16428
3 0.638455 0.737739 0.234086 0.099175
5 0.541522 0.872287 0.236979 0.089627
5 0.706887 0.866211 0.126157 0.090495
4 0.65162 0.389757 0.095486 0.128472
4 0.729167 0.393446 0.063657 0.117622
6 0.70544 0.955729 0.087384 0.083333
11 0.495804 0.527995 0.056424 0.039497
0 0.754774 0.252496 0.068576 0.140408
7 0.705729 0.095486 0.122106 0.152344
