0 0.323459 0.789931 0.148220 0.318287
0 0.228516 0.754919 0.099392 0.284722
0 0.167101 0.744647 0.086806 0.280961
0 0.091580 0.764612 0.071615 0.279803
1 0.228624 0.430700 0.124783 0.241030
1 0.148112 0.436632 0.079644 0.226852
3 0.365560 0.424045 0.116536 0.256655
5 0.281467 0.146123 0.109375 0.202546
5 0.359158 0.123843 0.076823 0.218171
6 0.456923 0.108218 0.127387 0.203704
7 0.644531 0.149161 0.150174 0.252025
7 0.522895 0.510272 0.134766 0.296586
7 0.509223 0.836516 0.152561 0.326968
11 0.668077 0.480035 0.057943 0.086806
8 0.797309 0.783854 0.379774 0.344907
10 0.797743 0.402344 0.194444 0.314525
