7 0.697374 0.643953 0.143446 0.262442
7 0.397352 0.668837 0.131510 0.254340
7 0.540582 0.656973 0.131510 0.264757
7 0.881076 0.624711 0.150174 0.292245
0 0.273655 0.380208 0.091580 0.265046
7 0.253364 0.638889 0.130859 0.273727
4 0.180339 0.396123 0.101562 0.241319
4 0.507378 0.372541 0.104167 0.249132
7 0.132595 0.696036 0.122396 0.272280
11 0.602865 0.469473 0.041233 0.057581
4 0.608832 0.350984 0.140842 0.253472
0 0.418945 0.387442 0.113064 0.273148
11 0.600043 0.559028 0.048177 0.080440
11 0.690755 0.446181 0.051649 0.064236
11 0.310655 0.666522 0.051432 0.056424
0 0.333767 0.376157 0.110243 0.262731
11 0.419705 0.655671 0.037326 0.067130
