4 0.801794 0.825195 0.208912 0.152127
7 0.596065 0.67513 0.225694 0.129774
9 0.589554 0.863281 0.222512 0.196615
9 0.364005 0.828342 0.198495 0.190104
4 0.714699 0.171007 0.197917 0.128038
7 0.570312 0.55599 0.206019 0.106337
7 0.340133 0.576931 0.234664 0.123047
1 0.358652 0.410373 0.208044 0.109375
5 0.566262 0.433702 0.200231 0.102648
4 0.8193 0.628906 0.249132 0.148438
0 0.462963 0.164822 0.191551 0.155165
6 0.606626 0.323568 0.208044 0.115017
5 0.822917 0.438585 0.217014 0.101997
0 0.353154 0.288628 0.2011 0.119792
6 0.816696 0.331489 0.221933 0.120009
11 0.277778 0.170464 0.051505 0.04145
11 0.308883 0.054905 0.052373 0.039062
