2 0.705512 0.831453 0.135417 0.206887
0 0.169813 0.262297 0.183811 0.2989
4 0.343099 0.217882 0.15842 0.297454
6 0.405273 0.645255 0.120443 0.223958
4 0.799696 0.218605 0.161458 0.296007
7 0.278971 0.821759 0.126519 0.196759
7 0.262912 0.570891 0.143446 0.23669
5 0.52691 0.392361 0.141059 0.247685
5 0.849392 0.706308 0.124566 0.240162
10 0.691298 0.541088 0.142578 0.22338
5 0.532769 0.660301 0.131944 0.208912
11 0.652995 0.304253 0.052083 0.065683
11 0.405382 0.863426 0.035156 0.049769
3 0.555013 0.891348 0.172092 0.210359
