9 0.139323 0.826606 0.27228 0.247396
0 0.773438 0.315213 0.220486 0.138672
1 0.467303 0.336155 0.20081 0.15191
7 0.286748 0.33214 0.201389 0.165582
0 0.715422 0.518989 0.182002 0.169488
3 0.512153 0.480035 0.230324 0.138889
7 0.389034 0.184787 0.202257 0.130859
7 0.642795 0.650608 0.256655 0.16059
11 0.233362 0.707357 0.057581 0.043186
7 0.592737 0.212023 0.223669 0.143663
0 0.858796 0.467014 0.184028 0.155382
10 0.233652 0.531793 0.219618 0.14388
11 0.703559 0.492079 0.060475 0.046658
11 0.548322 0.485352 0.04456 0.036241
8 0.147425 0.25293 0.277488 0.213325
2 0.555556 0.392253 0.148148 0.104818
0 0.811777 0.506185 0.094039 0.155599
