7 0.483615 0.655382 0.151259 0.252315
7 0.405707 0.240596 0.176866 0.238137
7 0.638346 0.193287 0.145182 0.226273
7 0.355686 0.699942 0.161458 0.248264
7 0.366536 0.448061 0.152778 0.257234
7 0.752713 0.697627 0.128689 0.208912
7 0.807075 0.266348 0.127170 0.213831
5 0.572483 0.408565 0.153212 0.203704
0 0.658963 0.571036 0.127821 0.215567
7 0.865777 0.517216 0.127387 0.194155
9 0.577257 0.848814 0.204427 0.274016
10 0.223307 0.287616 0.194010 0.277199
2 0.771918 0.448785 0.115017 0.214699
11 0.755317 0.096788 0.042752 0.045428
