6 0.452799 0.487847 0.155165 0.251157
7 0.598307 0.595486 0.18967 0.23669
7 0.606662 0.271701 0.180773 0.289352
0 0.696398 0.849826 0.168837 0.171296
7 0.415907 0.773003 0.190321 0.176794
7 0.774306 0.392795 0.186198 0.215567
5 0.271267 0.546152 0.149306 0.268808
7 0.390516 0.208912 0.218533 0.269676
11 0.850586 0.523148 0.045356 0.061921
6 0.361762 0.492766 0.09158 0.240741
11 0.605577 0.289497 0.04579 0.061632
10 0.845161 0.537905 0.191189 0.226273
0 0.710503 0.776331 0.16276 0.086806
0 0.687391 0.683738 0.162543 0.125
