7 0.322157 0.442419 0.143012 0.208333
6 0.520074 0.368779 0.129123 0.165220
7 0.159505 0.701823 0.098958 0.178530
4 0.147895 0.480035 0.139540 0.204861
0 0.270616 0.833623 0.140191 0.140625
9 0.476780 0.835359 0.187066 0.232639
8 0.295573 0.235388 0.220920 0.285590
0 0.324653 0.658999 0.141927 0.135127
5 0.583333 0.483073 0.152778 0.143808
9 0.611220 0.694734 0.168620 0.254051
7 0.467556 0.666377 0.139106 0.130787
4 0.208659 0.462818 0.090495 0.194155
11 0.466471 0.687066 0.028863 0.036748
11 0.438368 0.555990 0.030816 0.050637
11 0.317708 0.654080 0.029948 0.046007
7 0.432075 0.532697 0.135851 0.185764
0 0.300022 0.723958 0.128255 0.119792
0 0.259332 0.760851 0.094184 0.083044
6 0.568034 0.388021 0.125651 0.125000
11 0.114258 0.469329 0.034071 0.042245
11 0.432834 0.859375 0.031033 0.043403
