1 0.240994 0.393519 0.139540 0.195023
7 0.283854 0.662905 0.169705 0.282986
7 0.427843 0.695602 0.156467 0.291088
2 0.408312 0.266348 0.117405 0.112558
2 0.402669 0.408131 0.135200 0.213831
7 0.578885 0.701100 0.143880 0.274306
7 0.131510 0.658999 0.169271 0.288484
4 0.802626 0.509259 0.203776 0.193287
3 0.526693 0.349537 0.114149 0.179398
0 0.624674 0.396701 0.095269 0.190972
11 0.674479 0.695747 0.046875 0.069155
11 0.540148 0.517216 0.051215 0.061632
1 0.225803 0.263021 0.139974 0.103009
0 0.716580 0.375000 0.106771 0.134838
0 0.762153 0.406250 0.152778 0.123843
11 0.635417 0.440394 0.039931 0.055556
11 0.377170 0.442130 0.047743 0.056713
11 0.296875 0.672454 0.060764 0.070602
