0 0.676541 0.210069 0.14822 0.318287
0 0.771484 0.245081 0.099392 0.284722
0 0.832899 0.255353 0.086806 0.280961
0 0.90842 0.235388 0.071615 0.279803
1 0.771376 0.5693 0.124783 0.24103
1 0.851888 0.563368 0.079644 0.226852
3 0.63444 0.575955 0.116536 0.256655
5 0.718533 0.853877 0.109375 0.202546
5 0.640842 0.876157 0.076823 0.218171
6 0.543077 0.891782 0.127387 0.203704
7 0.355469 0.850839 0.150174 0.252025
7 0.477105 0.489728 0.134766 0.296586
7 0.490777 0.163484 0.152561 0.326968
11 0.331923 0.519965 0.057943 0.086806
8 0.202691 0.216146 0.379774 0.344907
10 0.202257 0.597656 0.194444 0.314525
