7 0.857313 0.271701 0.143012 0.265625
5 0.364692 0.504774 0.169054 0.311053
7 0.773003 0.771412 0.127604 0.251736
5 0.334418 0.276476 0.181424 0.185475
7 0.704753 0.458478 0.136502 0.270544
7 0.730469 0.209201 0.124566 0.250000
7 0.636610 0.705006 0.129557 0.293113
7 0.825629 0.520833 0.147352 0.292824
6 0.542969 0.246094 0.160156 0.283275
11 0.433268 0.253183 0.058811 0.078125
11 0.423937 0.550926 0.055773 0.068287
11 0.866102 0.536169 0.049479 0.062500
11 0.553819 0.420862 0.055990 0.067419
11 0.655056 0.720197 0.050998 0.064236
6 0.560330 0.382234 0.172743 0.321759
11 0.710938 0.226128 0.050347 0.078993
5 0.381727 0.135417 0.156250 0.216435
