4 0.642216 0.439779 0.206887 0.094401
7 0.681713 0.917318 0.247106 0.160156
5 0.49349 0.745009 0.132234 0.104167
6 0.696904 0.62424 0.24566 0.171658
5 0.669271 0.748698 0.218171 0.117188
0 0.505353 0.095378 0.228299 0.150391
4 0.764612 0.200738 0.189525 0.162326
0 0.441985 0.235352 0.200521 0.096571
11 0.702257 0.91862 0.05787 0.047309
11 0.609375 0.76454 0.054398 0.041233
4 0.657986 0.520291 0.228009 0.080512
4 0.680122 0.301649 0.184896 0.130642
0 0.458478 0.175781 0.214988 0.134983
4 0.669705 0.233615 0.118924 0.146484
4 0.663194 0.377279 0.217014 0.094401
6 0.532407 0.639214 0.157986 0.106988
7 0.551939 0.895399 0.20978 0.126302
