0 0.325376 0.552517 0.12934 0.131944
0 0.187789 0.550781 0.14294 0.133247
0 0.459491 0.564236 0.130787 0.128472
4 0.820457 0.385851 0.135706 0.146267
7 0.6114 0.131727 0.168403 0.191406
2 0.62066 0.391819 0.146412 0.162977
7 0.76331 0.124891 0.151042 0.195095
1 0.816696 0.5676 0.112558 0.127821
6 0.511574 0.694444 0.116898 0.113281
4 0.938368 0.375109 0.116898 0.149089
3 0.483507 0.386936 0.145833 0.155382
11 0.322772 0.409831 0.0489 0.035373
5 0.624711 0.675564 0.116898 0.115451
11 0.314236 0.293294 0.057292 0.038411
5 0.631221 0.551866 0.121817 0.131944
