7 0.76114 0.778537 0.164641 0.212891
7 0.651186 0.567817 0.165799 0.198134
7 0.39048 0.740017 0.229456 0.245226
6 0.855758 0.430447 0.147859 0.173394
7 0.78776 0.602648 0.15191 0.171441
7 0.600839 0.771918 0.20978 0.22526
7 0.489583 0.532227 0.199653 0.189453
5 0.691551 0.3699 0.092014 0.158203
11 0.266204 0.553928 0.060764 0.04579
11 0.348524 0.363824 0.061632 0.045356
11 0.525463 0.535482 0.066551 0.053602
5 0.59592 0.363932 0.125868 0.168837
11 0.680845 0.575521 0.054398 0.043403
11 0.578993 0.343207 0.049769 0.041016
6 0.777344 0.398872 0.104456 0.141493
11 0.869792 0.43967 0.048611 0.03559
