11 0.569878 0.331597 0.046875 0.056713
11 0.699219 0.62963 0.039931 0.060185
11 0.18316 0.453125 0.042535 0.061343
11 0.164497 0.349537 0.045139 0.064815
11 0.201389 0.177083 0.047743 0.060185
8 0.344618 0.276042 0.269965 0.251157
8 0.618924 0.197917 0.243924 0.222222
9 0.743056 0.469329 0.242188 0.22338
10 0.572917 0.615741 0.118924 0.24537
1 0.428819 0.571759 0.141493 0.256944
1 0.471788 0.684028 0.118056 0.259259
2 0.284288 0.594329 0.142361 0.267361
2 0.34592 0.676505 0.118056 0.248843
3 0.214844 0.679398 0.119792 0.24537
