5 0.406973 0.506944 0.136863 0.100694
7 0.316262 0.369032 0.238426 0.117839
0 0.471499 0.762695 0.20515 0.1352
5 0.221788 0.503798 0.243345 0.113932
9 0.546007 0.187174 0.181134 0.205078
1 0.58261 0.584852 0.182002 0.114149
4 0.389034 0.915799 0.18316 0.12934
7 0.471065 0.375109 0.099537 0.113932
7 0.562066 0.379774 0.084201 0.104601
11 0.201823 0.110569 0.063368 0.049696
4 0.609954 0.881727 0.069444 0.099826
4 0.534288 0.893229 0.085938 0.113715
9 0.361979 0.15191 0.220486 0.205729
6 0.210793 0.611003 0.253762 0.11046
6 0.398727 0.618056 0.131366 0.116753
0 0.602865 0.737522 0.08015 0.10829
11 0.195168 0.176107 0.054688 0.049696
