8 0.208333 0.233941 0.259259 0.263889
8 0.288773 0.553819 0.329861 0.328993
9 0.521991 0.167101 0.208333 0.220486
10 0.659722 0.341146 0.219907 0.117188
1 0.622685 0.485243 0.259259 0.131076
1 0.729167 0.457899 0.222222 0.121528
2 0.654514 0.642361 0.265046 0.15191
2 0.725116 0.583333 0.241898 0.131076
3 0.745949 0.72092 0.251157 0.135417
11 0.662616 0.236545 0.049769 0.038194
11 0.379051 0.309462 0.061343 0.048611
11 0.174769 0.730903 0.090278 0.065104
11 0.402199 0.780382 0.075231 0.061632
11 0.521412 0.75434 0.063657 0.052951
