3 0.528103 0.406829 0.126519 0.23669
1 0.658746 0.407841 0.151259 0.248553
2 0.732856 0.608941 0.125868 0.237558
7 0.714844 0.778067 0.12717 0.256366
7 0.534505 0.856337 0.163194 0.261285
5 0.451823 0.650318 0.154948 0.250289
5 0.328016 0.789931 0.113932 0.228588
6 0.198568 0.77445 0.107639 0.223669
0 0.290256 0.552951 0.183377 0.227431
0 0.279731 0.412905 0.175781 0.176505
0 0.409939 0.376881 0.139757 0.238715
4 0.28049 0.175926 0.113064 0.217593
4 0.515082 0.20978 0.140842 0.235532
4 0.648655 0.193432 0.187934 0.182581
4 0.862305 0.396846 0.205078 0.248553
