0 0.630642 0.567853 0.073351 0.264757
7 0.618924 0.294416 0.131944 0.241609
7 0.884983 0.269676 0.134983 0.277199
4 0.469293 0.573061 0.116102 0.249132
7 0.359918 0.293403 0.117405 0.250000
7 0.490451 0.290654 0.114583 0.252604
7 0.749240 0.282552 0.137370 0.264178
4 0.561415 0.571904 0.080295 0.236400
0 0.697808 0.579282 0.090061 0.238426
7 0.236220 0.322483 0.113064 0.232928
4 0.842882 0.568721 0.078993 0.243924
0 0.771159 0.580584 0.081380 0.260706
11 0.249132 0.252315 0.045139 0.054398
11 0.496528 0.261574 0.039931 0.059028
11 0.912760 0.245370 0.051215 0.065972
11 0.465278 0.510995 0.046875 0.055556
11 0.772135 0.565394 0.044271 0.064815
