4 0.655056 0.354022 0.155599 0.266493
4 0.392361 0.187789 0.215712 0.241319
4 0.258464 0.534578 0.133247 0.216725
4 0.262478 0.650752 0.190755 0.173611
0 0.328342 0.455729 0.174479 0.210648
0 0.470161 0.666811 0.131727 0.171586
0 0.562609 0.727575 0.162543 0.107928
7 0.827908 0.713108 0.113715 0.188368
7 0.625 0.862269 0.116753 0.173611
7 0.596354 0.545428 0.138455 0.224537
7 0.226237 0.295139 0.191623 0.290509
7 0.091905 0.25463 0.159505 0.29919
1 0.816732 0.308449 0.145182 0.249421
2 0.854058 0.536024 0.194661 0.207465
3 0.529622 0.243634 0.136936 0.26331
5 0.943359 0.618345 0.112847 0.204282
5 0.705187 0.652778 0.134766 0.215278
5 0.470595 0.485677 0.132595 0.240451
5 0.410699 0.790509 0.154731 0.191551
6 0.29286 0.848814 0.17513 0.158854
