0 0.65625 0.68533 0.195602 0.243924
0 0.659144 0.52691 0.196759 0.083333
0 0.655093 0.458767 0.190972 0.065104
0 0.631366 0.404948 0.201389 0.065104
0 0.622685 0.338542 0.193287 0.081597
0 0.619792 0.271701 0.208333 0.071181
0 0.612269 0.206597 0.195602 0.078125
0 0.611111 0.148003 0.197917 0.06684
4 0.391782 0.654948 0.208333 0.252604
4 0.383102 0.50651 0.193287 0.051215
4 0.369213 0.447483 0.193287 0.075521
4 0.395255 0.390191 0.210648 0.068576
4 0.376157 0.341146 0.186343 0.065972
4 0.376157 0.276476 0.204861 0.072049
4 0.361111 0.209201 0.197917 0.074653
4 0.359375 0.147569 0.196759 0.052083
