7 0.59082 0.605758 0.097439 0.202836
4 0.351237 0.659867 0.113498 0.207465
5 0.112196 0.827546 0.11849 0.226273
7 0.611003 0.400752 0.100043 0.180556
7 0.705078 0.626157 0.104601 0.202546
5 0.140191 0.471499 0.105469 0.122396
5 0.125109 0.624421 0.107856 0.185185
7 0.849609 0.633391 0.098958 0.209491
8 0.651476 0.840712 0.232205 0.202257
4 0.35395 0.491319 0.099826 0.127315
0 0.465061 0.699508 0.112413 0.208044
6 0.226997 0.641638 0.115451 0.158275
6 0.216037 0.82827 0.115234 0.216146
11 0.427843 0.414352 0.038411 0.04456
11 0.467448 0.408565 0.034722 0.053241
0 0.462782 0.532697 0.100477 0.123264
6 0.237739 0.487124 0.110026 0.1386
