9 0.882668 0.274631 0.257812 0.207248
3 0.787471 0.490668 0.207465 0.147569
1 0.546441 0.65842 0.210359 0.097222
2 0.754919 0.613173 0.212384 0.113932
1 0.764468 0.723958 0.225694 0.122396
7 0.338686 0.498372 0.193576 0.111328
5 0.60952 0.305881 0.221354 0.125651
2 0.565828 0.435438 0.217882 0.127821
2 0.543547 0.558051 0.185475 0.103082
6 0.631221 0.184787 0.234664 0.136936
0 0.353588 0.727756 0.191551 0.119575
0 0.333767 0.618815 0.175637 0.102648
0 0.664062 0.867622 0.204282 0.161892
0 0.502894 0.802951 0.202546 0.108507
11 0.396846 0.425673 0.049479 0.035373
11 0.418692 0.358181 0.050347 0.042752
