7 0.336227 0.823785 0.271412 0.175781
7 0.131221 0.594076 0.240451 0.143012
2 0.581597 0.797852 0.24537 0.245443
1 0.83015 0.757921 0.265625 0.138238
3 0.825087 0.469076 0.265336 0.133898
4 0.435041 0.24273 0.199363 0.14822
4 0.570747 0.249457 0.239294 0.119575
4 0.836661 0.345161 0.188368 0.164714
4 0.739294 0.586914 0.28125 0.172092
0 0.644965 0.354167 0.216435 0.169271
0 0.428096 0.425998 0.237558 0.116753
0 0.355179 0.527127 0.147859 0.170573
5 0.259404 0.368056 0.239294 0.144531
5 0.467448 0.651584 0.276331 0.1773
6 0.197483 0.257704 0.189525 0.152561
