0 0.670247 0.628472 0.182075 0.185185
7 0.523872 0.803241 0.151476 0.257523
7 0.570095 0.208044 0.175347 0.241898
1 0.206923 0.331308 0.113932 0.225694
2 0.437609 0.197483 0.125651 0.249132
6 0.432509 0.569155 0.134549 0.232639
7 0.720595 0.848524 0.194227 0.213831
4 0.225152 0.708333 0.138672 0.15625
7 0.286784 0.871383 0.144748 0.175058
5 0.335503 0.554832 0.101997 0.235243
7 0.390951 0.815104 0.119141 0.242477
11 0.677517 0.322627 0.038194 0.0625
4 0.172418 0.582321 0.1148 0.153646
11 0.167969 0.320891 0.03559 0.050926
7 0.724284 0.335069 0.158203 0.277778
0 0.563477 0.490885 0.120009 0.204572
11 0.548937 0.818721 0.046224 0.076678
11 0.589627 0.456742 0.034288 0.063947
11 0.214518 0.597078 0.027127 0.052951
6 0.41428 0.407118 0.115885 0.131366
5 0.300781 0.420428 0.107639 0.141204
1 0.338325 0.196759 0.131944 0.219329
0 0.620877 0.533131 0.172743 0.139757
4 0.198134 0.623553 0.128472 0.115741
