1 0.395399 0.143338 0.213831 0.186849
4 0.831887 0.548286 0.267361 0.171224
5 0.483941 0.502062 0.235243 0.136502
0 0.728443 0.782444 0.238137 0.182075
6 0.422309 0.671549 0.231771 0.185113
3 0.487847 0.304905 0.242477 0.134549
2 0.264757 0.741102 0.197338 0.157552
11 0.800347 0.799696 0.066551 0.042969
3 0.239873 0.452582 0.243634 0.194227
11 0.186053 0.810438 0.070602 0.058377
11 0.262442 0.425022 0.060764 0.042752
7 0.247251 0.119141 0.22309 0.186198
2 0.495804 0.195964 0.190683 0.128472
11 0.538339 0.332899 0.065104 0.038628
11 0.428964 0.481662 0.054109 0.040148
11 0.422454 0.708984 0.052662 0.035156
3 0.180845 0.789497 0.218171 0.190538
6 0.520689 0.633681 0.153067 0.131944
4 0.779225 0.481011 0.207176 0.113064
11 0.255787 0.070855 0.04456 0.038845
