7 0.76114 0.430447 0.282118 0.134766
0 0.214699 0.106228 0.335648 0.169922
0 0.531684 0.123155 0.0761 0.156467
7 0.805845 0.292101 0.289931 0.140191
4 0.387442 0.297635 0.106481 0.14388
5 0.162471 0.462565 0.297164 0.142144
0 0.437645 0.120985 0.121238 0.158203
6 0.232494 0.630425 0.280382 0.125
7 0.765046 0.557834 0.262731 0.125651
4 0.510417 0.29145 0.138889 0.143663
7 0.80136 0.136502 0.315104 0.170139
9 0.350405 0.842339 0.222801 0.212023
11 0.465133 0.688368 0.061053 0.045573
4 0.174334 0.27322 0.308738 0.169271
7 0.733941 0.67296 0.248553 0.115017
11 0.428096 0.636068 0.058738 0.039062
8 0.627315 0.855252 0.224537 0.204861
