1 0.660735 0.494141 0.230035 0.098958
2 0.718605 0.688043 0.245081 0.138672
0 0.357928 0.513346 0.277778 0.134766
7 0.389612 0.264214 0.236979 0.177734
3 0.729745 0.8176 0.256944 0.151693
4 0.389757 0.674262 0.255208 0.092448
7 0.527633 0.142036 0.207465 0.097873
7 0.610243 0.257378 0.214699 0.104167
4 0.389468 0.775391 0.257523 0.118924
0 0.353733 0.417318 0.282118 0.100694
2 0.704572 0.589518 0.232639 0.073134
11 0.771846 0.85178 0.057581 0.047309
4 0.346644 0.869792 0.326389 0.189236
11 0.660301 0.601128 0.060185 0.040799
1 0.665509 0.41059 0.241898 0.137153
