1 0.606481 0.240994 0.195023 0.13954
7 0.337095 0.283854 0.282986 0.169705
7 0.304398 0.427843 0.291088 0.156467
2 0.733652 0.408312 0.112558 0.117405
2 0.591869 0.402669 0.213831 0.1352
7 0.2989 0.578885 0.274306 0.14388
7 0.341001 0.13151 0.288484 0.169271
4 0.490741 0.802626 0.193287 0.203776
3 0.650463 0.526693 0.179398 0.114149
0 0.603299 0.624674 0.190972 0.095269
11 0.304253 0.674479 0.069155 0.046875
11 0.482784 0.540148 0.061632 0.051215
1 0.736979 0.225803 0.103009 0.139974
0 0.625 0.71658 0.134838 0.106771
0 0.59375 0.762153 0.123843 0.152778
11 0.559606 0.635417 0.055556 0.039931
11 0.55787 0.37717 0.056713 0.047743
11 0.327546 0.296875 0.070602 0.060764
