4 0.801649 0.797201 0.211516 0.152995
4 0.83724 0.591688 0.206887 0.144314
9 0.584346 0.825955 0.238137 0.207031
7 0.601273 0.514757 0.167245 0.099392
7 0.39728 0.528971 0.1875 0.11046
7 0.611545 0.63151 0.206308 0.111545
5 0.850984 0.418728 0.208333 0.096571
0 0.550926 0.187174 0.199074 0.130425
5 0.609664 0.40918 0.180556 0.098741
0 0.445168 0.285265 0.162326 0.092231
9 0.378906 0.772678 0.206308 0.199002
1 0.43533 0.383464 0.187789 0.104167
6 0.854311 0.324436 0.206308 0.095486
6 0.659867 0.312283 0.195312 0.092882
4 0.772425 0.186415 0.179109 0.118056
11 0.43533 0.10319 0.049479 0.032335
11 0.39728 0.192708 0.04456 0.032986
