0 0.553385 0.7551 0.282118 0.138238
2 0.469907 0.400499 0.22338 0.109158
0 0.376447 0.752604 0.103009 0.12934
7 0.809751 0.864583 0.293113 0.158854
1 0.464988 0.504557 0.240741 0.110243
7 0.471209 0.898438 0.271123 0.144965
4 0.653356 0.617079 0.251157 0.119141
5 0.436777 0.186089 0.120081 0.081814
5 0.596499 0.184462 0.22309 0.082899
4 0.483652 0.621853 0.087095 0.11046
4 0.400029 0.620551 0.087095 0.111762
6 0.583623 0.107313 0.201389 0.078776
3 0.49566 0.303494 0.222222 0.090929
11 0.616319 0.501302 0.054977 0.036458
6 0.445602 0.103407 0.076968 0.072266
