7 0.598307 0.548032 0.148003 0.241319
4 0.106228 0.370081 0.112630 0.198495
7 0.569878 0.327257 0.114583 0.243634
9 0.885417 0.320023 0.208333 0.221644
6 0.311523 0.197627 0.169054 0.243634
7 0.686957 0.284144 0.134332 0.234375
1 0.409939 0.570602 0.110677 0.215278
0 0.210069 0.413050 0.126302 0.217882
9 0.826931 0.531829 0.199002 0.209491
5 0.432943 0.195023 0.113281 0.225694
4 0.112088 0.523582 0.101345 0.091146
4 0.120985 0.600405 0.112630 0.072917
11 0.850586 0.178675 0.047092 0.059896
5 0.457465 0.350550 0.090712 0.183738
11 0.787652 0.175058 0.041450 0.050926
6 0.318142 0.355613 0.111545 0.133102
0 0.259983 0.560330 0.105469 0.176794
