7 0.78342 0.255859 0.24566 0.113715
7 0.83912 0.428277 0.251736 0.121745
2 0.593171 0.328993 0.238426 0.113715
1 0.575666 0.449653 0.247396 0.125
3 0.536169 0.637695 0.233218 0.123481
5 0.765046 0.519314 0.243634 0.123698
5 0.79702 0.661675 0.247975 0.12283
6 0.73206 0.780056 0.248264 0.121745
0 0.3682 0.718533 0.244502 0.138021
0 0.373553 0.849175 0.260417 0.15191
0 0.2011 0.608073 0.228009 0.127604
4 0.356481 0.587999 0.224537 0.124349
4 0.321325 0.464084 0.25434 0.144748
4 0.16305 0.721571 0.221933 0.157118
4 0.369213 0.207248 0.255208 0.166233
