1 0.184245 0.835359 0.169705 0.239583
7 0.425239 0.630208 0.181641 0.251736
7 0.401367 0.211661 0.168186 0.157118
7 0.546984 0.381366 0.199436 0.201389
0 0.275825 0.177517 0.146267 0.176794
9 0.722005 0.703414 0.313802 0.400463
7 0.695747 0.186632 0.192708 0.232639
11 0.457791 0.504051 0.040582 0.054398
0 0.171332 0.241175 0.113932 0.174479
11 0.709635 0.451823 0.043403 0.061632
10 0.188151 0.499566 0.139757 0.236979
3 0.343859 0.816696 0.190321 0.295428
2 0.256293 0.720197 0.104601 0.189236
0 0.224826 0.127604 0.078993 0.103588
7 0.564996 0.108941 0.183811 0.200521
