0 0.191551 0.763455 0.265625 0.128906
0 0.23235 0.689236 0.234954 0.084201
0 0.246817 0.582899 0.239583 0.111111
3 0.546296 0.646701 0.184028 0.101997
2 0.565972 0.53201 0.179977 0.096137
1 0.558883 0.417209 0.181424 0.10178
5 0.772425 0.6352 0.150752 0.098524
5 0.879919 0.613173 0.076389 0.087457
6 0.835938 0.72168 0.141204 0.097873
7 0.787326 0.329753 0.168403 0.128255
7 0.734375 0.222548 0.181713 0.136068
4 0.296296 0.347222 0.24537 0.143229
4 0.333623 0.268012 0.236111 0.111111
4 0.378328 0.215061 0.227141 0.127604
4 0.412182 0.170573 0.206887 0.103299
