5 0.453125 0.318432 0.092882 0.13397
9 0.78342 0.474537 0.241753 0.184028
9 0.790582 0.278356 0.238281 0.182292
4 0.119575 0.28805 0.101128 0.176215
0 0.226562 0.366898 0.105469 0.173032
1 0.366753 0.493345 0.115885 0.212963
7 0.573568 0.389178 0.095486 0.108218
7 0.57053 0.482784 0.105469 0.091146
6 0.37207 0.143808 0.112196 0.192708
11 0.81326 0.125868 0.049262 0.060764
6 0.35753 0.304253 0.106988 0.126447
5 0.465278 0.157407 0.107639 0.194444
4 0.110243 0.426215 0.088542 0.087963
7 0.576063 0.235388 0.105252 0.212674
0 0.229058 0.50434 0.091797 0.081597
4 0.106445 0.502459 0.094401 0.077257
11 0.751194 0.120226 0.039714 0.055266
