0 0.118056 0.476273 0.174045 0.245949
4 0.217122 0.144821 0.22895 0.220775
5 0.911784 0.237847 0.152995 0.253472
7 0.458767 0.607928 0.119358 0.26331
4 0.525391 0.290799 0.111111 0.278356
7 0.617405 0.606481 0.151042 0.25
6 0.754774 0.207755 0.194444 0.344907
0 0.286241 0.546875 0.116319 0.228009
5 0.900716 0.4511 0.122613 0.159722
4 0.367188 0.240741 0.16276 0.303241
4 0.627387 0.264178 0.104167 0.288194
11 0.9324 0.310909 0.047526 0.059317
11 0.379015 0.421875 0.047526 0.066551
0 0.212999 0.532263 0.137804 0.250289
4 0.275391 0.271846 0.18533 0.149016
4 0.436957 0.27228 0.111762 0.280093
6 0.773763 0.406684 0.135634 0.216146
