5 0.681568 0.453125 0.13397 0.092882
9 0.525463 0.78342 0.184028 0.241753
9 0.721644 0.790582 0.182292 0.238281
4 0.71195 0.119575 0.176215 0.101128
0 0.633102 0.226562 0.173032 0.105469
1 0.506655 0.366753 0.212963 0.115885
7 0.610822 0.573568 0.108218 0.095486
7 0.517216 0.57053 0.091146 0.105469
6 0.856192 0.37207 0.192708 0.112196
11 0.874132 0.81326 0.060764 0.049262
6 0.695747 0.35753 0.126447 0.106988
5 0.842593 0.465278 0.194444 0.107639
4 0.573785 0.110243 0.087963 0.088542
7 0.764612 0.576063 0.212674 0.105252
0 0.49566 0.229058 0.081597 0.091797
4 0.497541 0.106445 0.077257 0.094401
11 0.879774 0.751194 0.055266 0.039714
