7 0.688911 0.548177 0.098741 0.203993
5 0.086697 0.559751 0.108290 0.186053
5 0.100694 0.411169 0.111111 0.137731
7 0.589193 0.319444 0.101997 0.157407
0 0.451823 0.625723 0.121528 0.200521
8 0.594401 0.133970 0.197049 0.171296
7 0.577908 0.530816 0.101128 0.205729
7 0.831163 0.549334 0.108941 0.201100
5 0.073785 0.763455 0.119792 0.232350
4 0.330729 0.596065 0.116753 0.200231
6 0.201172 0.758825 0.119792 0.242766
6 0.198242 0.570747 0.113932 0.166377
11 0.759115 0.350260 0.034722 0.047164
4 0.330295 0.428096 0.101128 0.134549
11 0.798828 0.313513 0.036892 0.060475
0 0.443902 0.464120 0.106120 0.122106
6 0.204102 0.419126 0.112196 0.151910
