11 0.141204 0.490885 0.075231 0.051215
11 0.111111 0.639757 0.079861 0.046875
3 0.332755 0.764757 0.291667 0.135417
3 0.509259 0.763889 0.184028 0.119792
2 0.33044 0.610677 0.293981 0.150174
2 0.509838 0.625434 0.168981 0.136285
1 0.520255 0.484375 0.164352 0.130208
1 0.344907 0.462674 0.28125 0.135417
6 0.564815 0.287326 0.112269 0.131944
6 0.450231 0.300781 0.146991 0.146701
6 0.223958 0.322049 0.331019 0.166667
5 0.540509 0.137153 0.146991 0.144097
5 0.387731 0.133247 0.184028 0.15191
5 0.189815 0.122396 0.341435 0.189236
10 0.695023 0.838108 0.217593 0.118924
