4 0.198351 0.202799 0.211516 0.152995
4 0.16276 0.408312 0.206887 0.144314
9 0.415654 0.174045 0.238137 0.207031
7 0.398727 0.485243 0.167245 0.099392
7 0.60272 0.471029 0.1875 0.11046
7 0.388455 0.36849 0.206308 0.111545
5 0.149016 0.581272 0.208333 0.096571
0 0.449074 0.812826 0.199074 0.130425
5 0.390336 0.59082 0.180556 0.098741
0 0.554832 0.714735 0.162326 0.092231
9 0.621094 0.227322 0.206308 0.199002
1 0.56467 0.616536 0.187789 0.104167
6 0.145689 0.675564 0.206308 0.095486
6 0.340133 0.687717 0.195312 0.092882
4 0.227575 0.813585 0.179109 0.118056
11 0.56467 0.89681 0.049479 0.032335
11 0.60272 0.807292 0.04456 0.032986
