5 0.81033 0.53342 0.260127 0.117622
7 0.801505 0.372179 0.263889 0.117188
0 0.509838 0.216146 0.203125 0.118924
7 0.550347 0.382053 0.244213 0.104818
2 0.286892 0.326172 0.192419 0.091146
1 0.547454 0.548828 0.236111 0.135417
3 0.283565 0.437174 0.204282 0.1148
1 0.285301 0.228516 0.221065 0.101128
3 0.273148 0.625868 0.199074 0.118056
6 0.802228 0.690538 0.286169 0.137153
3 0.557147 0.685547 0.226562 0.115885
0 0.815972 0.171875 0.112269 0.128038
0 0.65162 0.206814 0.083333 0.104167
0 0.733507 0.19553 0.073495 0.122396
