4 0.21224 0.776042 0.188368 0.115741
4 0.200955 0.704861 0.169271 0.105324
4 0.200521 0.619792 0.177083 0.185185
0 0.177517 0.378472 0.186632 0.15162
0 0.171875 0.270255 0.206597 0.25
11 0.66059 0.132523 0.0625 0.087963
7 0.773003 0.789931 0.202257 0.150463
7 0.577257 0.791667 0.189236 0.15162
7 0.399306 0.769676 0.180556 0.149306
7 0.387587 0.602431 0.195312 0.155093
7 0.582031 0.630208 0.19184 0.168981
7 0.77908 0.63831 0.195312 0.175926
7 0.813802 0.470486 0.217882 0.206019
7 0.590712 0.453125 0.202257 0.196759
7 0.384549 0.416667 0.206597 0.21412
7 0.616753 0.273148 0.221354 0.22338
7 0.39974 0.231481 0.210938 0.211806
7 0.866753 0.201389 0.240451 0.21412
11 0.747396 0.343171 0.045139 0.064815
