11 0.509115 0.141204 0.051215 0.075231
11 0.360243 0.111111 0.046875 0.079861
3 0.235243 0.332755 0.135417 0.291667
3 0.236111 0.509259 0.119792 0.184028
2 0.389323 0.33044 0.150174 0.293981
2 0.374566 0.509838 0.136285 0.168981
1 0.515625 0.520255 0.130208 0.164352
1 0.537326 0.344907 0.135417 0.28125
6 0.712674 0.564815 0.131944 0.112269
6 0.699219 0.450231 0.146701 0.146991
6 0.677951 0.223958 0.166667 0.331019
5 0.862847 0.540509 0.144097 0.146991
5 0.866753 0.387731 0.15191 0.184028
5 0.877604 0.189815 0.189236 0.341435
10 0.161892 0.695023 0.118924 0.217593
