1 0.189562 0.404080 0.122613 0.200521
7 0.321398 0.680556 0.141927 0.250000
7 0.086589 0.640770 0.145399 0.234664
2 0.325304 0.411748 0.113281 0.206597
2 0.348633 0.277054 0.106988 0.110243
4 0.699761 0.491319 0.215061 0.183449
7 0.455512 0.682581 0.137153 0.251736
3 0.444661 0.348380 0.112413 0.174769
0 0.541884 0.388889 0.082465 0.197917
11 0.437174 0.513021 0.045790 0.061921
11 0.541233 0.677083 0.045139 0.063079
0 0.629666 0.364294 0.126953 0.140625
1 0.187609 0.283131 0.134766 0.095197
0 0.663628 0.388310 0.155382 0.122685
11 0.536458 0.432292 0.045139 0.053241
11 0.298611 0.449074 0.048611 0.052083
11 0.210503 0.659722 0.047743 0.061343
7 0.207031 0.643519 0.148438 0.248843
