6 0.288484 0.582791 0.240162 0.129557
0 0.471644 0.139106 0.104167 0.126302
7 0.754196 0.395942 0.239873 0.119141
9 0.398872 0.805664 0.20978 0.240668
4 0.532552 0.27474 0.108507 0.122396
0 0.544994 0.140625 0.065104 0.122396
7 0.779514 0.27615 0.221644 0.11697
4 0.25897 0.260091 0.270255 0.141276
0 0.290654 0.129883 0.274595 0.136936
5 0.239873 0.424479 0.271991 0.12066
7 0.763889 0.150391 0.248843 0.132378
7 0.748843 0.626845 0.226273 0.1148
7 0.767216 0.514214 0.22772 0.1148
4 0.431568 0.280599 0.091725 0.123264
11 0.503183 0.637587 0.056713 0.046875
11 0.470197 0.585178 0.049769 0.040148
8 0.662326 0.823025 0.226852 0.225477
