7 0.328885 0.570312 0.138672 0.251736
7 0.200195 0.472512 0.133898 0.240162
5 0.333225 0.253472 0.174262 0.252894
6 0.528429 0.188223 0.171875 0.278646
7 0.61122 0.51114 0.122613 0.220775
7 0.68826 0.755208 0.123481 0.212384
1 0.181749 0.759838 0.149523 0.237847
1 0.75803 0.533854 0.108073 0.203704
7 0.459418 0.518953 0.11849 0.231192
3 0.64388 0.283131 0.145833 0.252604
0 0.376302 0.819878 0.151042 0.216725
0 0.534505 0.833478 0.108073 0.184896
11 0.75944 0.371672 0.037543 0.052951
11 0.690647 0.367188 0.039714 0.047454
