5 0.28588 0.109375 0.234375 0.12934
0 0.516927 0.854818 0.253762 0.1875
4 0.204282 0.753364 0.203704 0.189019
7 0.641204 0.37424 0.267361 0.143446
7 0.647425 0.52691 0.250868 0.111111
4 0.294126 0.59885 0.225405 0.151693
5 0.488426 0.103299 0.149306 0.115885
6 0.2636 0.250326 0.304398 0.178168
4 0.319878 0.365017 0.27228 0.104167
11 0.464844 0.602973 0.060475 0.048394
4 0.336372 0.458442 0.257234 0.086155
0 0.583912 0.694444 0.23669 0.117188
11 0.354456 0.076063 0.0625 0.044488
6 0.443287 0.227431 0.202546 0.12717
4 0.320457 0.544054 0.268808 0.115451
4 0.318866 0.700955 0.133102 0.154948
0 0.575666 0.769206 0.227141 0.144314
