0 0.233615 0.157841 0.128255 0.254340
0 0.306315 0.185330 0.106554 0.234086
0 0.414714 0.181858 0.115885 0.221933
3 0.376628 0.505064 0.113064 0.205150
2 0.489041 0.498987 0.100043 0.203414
1 0.594618 0.461661 0.096788 0.197049
5 0.405165 0.759404 0.115017 0.192998
5 0.436415 0.878906 0.097222 0.109664
6 0.316732 0.870660 0.119575 0.187500
7 0.700738 0.679977 0.126302 0.188657
7 0.785916 0.591001 0.124349 0.192998
4 0.628472 0.192419 0.102431 0.219907
4 0.698242 0.217014 0.070964 0.212963
4 0.749457 0.248987 0.077474 0.210359
4 0.786350 0.269676 0.061849 0.195602
