4 0.202799 0.801649 0.152995 0.211516
4 0.408312 0.83724 0.144314 0.206887
9 0.174045 0.584346 0.207031 0.238137
7 0.485243 0.601273 0.099392 0.167245
7 0.471029 0.39728 0.11046 0.1875
7 0.36849 0.611545 0.111545 0.206308
5 0.581272 0.850984 0.096571 0.208333
0 0.812826 0.550926 0.130425 0.199074
5 0.59082 0.609664 0.098741 0.180556
0 0.714735 0.445168 0.092231 0.162326
9 0.227322 0.378906 0.199002 0.206308
1 0.616536 0.43533 0.104167 0.187789
6 0.675564 0.854311 0.095486 0.206308
6 0.687717 0.659867 0.092882 0.195312
4 0.813585 0.772425 0.118056 0.179109
11 0.89681 0.43533 0.032335 0.049479
11 0.807292 0.39728 0.032986 0.04456
