6 0.544813 0.443432 0.139540 0.195891
0 0.789714 0.470631 0.170139 0.172743
7 0.864366 0.659867 0.182726 0.246817
4 0.296115 0.611545 0.193793 0.178530
5 0.436740 0.438947 0.123915 0.205440
7 0.513346 0.701389 0.135634 0.281250
2 0.523872 0.160590 0.103733 0.152199
7 0.642687 0.168837 0.143446 0.151331
1 0.286133 0.259259 0.130425 0.170139
7 0.780490 0.251013 0.157769 0.168113
7 0.374457 0.790220 0.193793 0.248264
7 0.663194 0.653212 0.163194 0.263021
0 0.674479 0.376881 0.095052 0.179109
4 0.225694 0.480469 0.150174 0.175058
11 0.699653 0.655671 0.050347 0.062500
11 0.248155 0.240017 0.039714 0.047743
11 0.298828 0.487992 0.032552 0.051794
11 0.695530 0.335359 0.033420 0.048032
11 0.753689 0.241030 0.032552 0.045718
1 0.439128 0.153791 0.129991 0.153067
5 0.401693 0.313079 0.116753 0.109954
6 0.517904 0.314381 0.104818 0.136285
4 0.277669 0.508102 0.165582 0.135995
0 0.737739 0.403501 0.124783 0.153067
