7 0.521701 0.609375 0.217014 0.132378
7 0.487992 0.337674 0.209201 0.105469
0 0.175492 0.505751 0.250868 0.119141
7 0.219618 0.69477 0.278935 0.174696
7 0.586516 0.254232 0.208333 0.123047
7 0.525752 0.458333 0.211227 0.09592
5 0.749421 0.378581 0.177662 0.117839
1 0.335503 0.195312 0.219039 0.101128
0 0.237558 0.34885 0.239583 0.118273
3 0.73206 0.65408 0.20544 0.171007
1 0.476418 0.786784 0.219618 0.133464
11 0.663194 0.698025 0.052662 0.042752
6 0.812355 0.540582 0.199942 0.147135
11 0.658131 0.776367 0.052373 0.044054
