4 0.394242 0.716905 0.208044 0.22678
0 0.454572 0.30447 0.22338 0.147135
5 0.253183 0.400716 0.261574 0.160373
6 0.060475 0.639214 0.12037 0.200304
2 0.558015 0.415365 0.274595 0.12066
3 0.63397 0.583442 0.288773 0.186849
11 0.078704 0.46951 0.068287 0.041884
11 0.106916 0.855577 0.070891 0.055773
0 0.465712 0.184353 0.197627 0.103082
7 0.316696 0.520074 0.238715 0.118707
7 0.158131 0.885634 0.272859 0.216146
7 0.702546 0.868381 0.320023 0.251519
11 0.720631 0.834852 0.069155 0.059028
11 0.264034 0.537326 0.061053 0.045139
11 0.676939 0.571398 0.058738 0.049913
6 0.158999 0.604167 0.131655 0.197049
3 0.628328 0.48622 0.263021 0.100043
11 0.521123 0.265516 0.055556 0.037109
0 0.522135 0.210286 0.188368 0.053385
0 0.541956 0.275174 0.145833 0.086806
11 0.201534 0.287435 0.060475 0.029731
7 0.15191 0.305339 0.248264 0.147135
4 0.522714 0.678494 0.16522 0.20421
