1 0.329138 0.139865 0.206308 0.179036
5 0.404514 0.492622 0.221065 0.131076
3 0.412182 0.297201 0.225405 0.129557
3 0.18099 0.441515 0.218461 0.182943
4 0.759983 0.534831 0.247975 0.184245
0 0.646123 0.780273 0.230903 0.193359
6 0.339554 0.655273 0.225405 0.185547
11 0.715278 0.798937 0.064236 0.043186
2 0.18533 0.717122 0.198785 0.167318
11 0.350984 0.470378 0.054977 0.048828
11 0.130642 0.77474 0.061053 0.048177
11 0.190394 0.071832 0.043981 0.036892
11 0.195891 0.411241 0.066551 0.042535
4 0.702402 0.471246 0.182002 0.119575
2 0.429832 0.178819 0.176794 0.12717
7 0.185909 0.115017 0.197627 0.178819
6 0.431279 0.611654 0.155382 0.126519
11 0.346499 0.689779 0.049479 0.040582
11 0.456308 0.31684 0.053819 0.038628
3 0.121672 0.756619 0.175637 0.171224
