6 0.239258 0.850839 0.213325 0.238715
5 0.378472 0.746672 0.178819 0.255498
4 0.199978 0.575955 0.221571 0.233507
4 0.205295 0.41985 0.15408 0.286458
4 0.312717 0.106337 0.217448 0.212674
4 0.597765 0.218316 0.174262 0.284433
0 0.437609 0.550058 0.126519 0.241319
0 0.551758 0.603877 0.17079 0.171875
0 0.338108 0.323061 0.217882 0.244502
3 0.465712 0.13151 0.155816 0.262442
1 0.746311 0.132957 0.110677 0.255498
2 0.781141 0.359954 0.186415 0.214699
5 0.662109 0.47526 0.161024 0.265336
7 0.804688 0.566985 0.13151 0.239294
7 0.621745 0.795862 0.138455 0.2364
