0 0.358073 0.567383 0.149016 0.156033
4 0.741464 0.396267 0.14728 0.164497
2 0.534144 0.394097 0.149306 0.161458
4 0.894242 0.402452 0.164641 0.17079
1 0.760561 0.632921 0.139178 0.182943
0 0.234086 0.536241 0.141204 0.150174
0 0.122541 0.519857 0.124711 0.148655
7 0.532697 0.159939 0.130208 0.158854
7 0.667245 0.150933 0.137153 0.152561
6 0.392361 0.746094 0.127315 0.154948
3 0.405093 0.379666 0.145255 0.150825
5 0.521412 0.750434 0.143519 0.165365
5 0.536169 0.579644 0.135995 0.16059
11 0.257668 0.383464 0.043113 0.044705
11 0.27228 0.281793 0.048032 0.03928
