4 0.441696 0.778863 0.182581 0.105903
5 0.484375 0.3648 0.171875 0.161892
7 0.429977 0.629991 0.211227 0.144965
9 0.859809 0.479601 0.239294 0.196615
0 0.812066 0.68533 0.106771 0.127604
7 0.659288 0.77474 0.177373 0.077691
8 0.202257 0.653537 0.308449 0.212457
6 0.360677 0.446181 0.198206 0.14974
7 0.686777 0.495443 0.153646 0.152344
0 0.643229 0.636936 0.151042 0.123698
9 0.745804 0.323025 0.275174 0.193359
0 0.734954 0.696398 0.082176 0.096354
6 0.385272 0.390299 0.139757 0.160807
11 0.701678 0.500109 0.04456 0.033203
11 0.553964 0.531684 0.050637 0.031684
11 0.439236 0.813802 0.043403 0.029948
7 0.53559 0.535373 0.202546 0.140191
11 0.637876 0.644314 0.049479 0.030816
4 0.4307 0.739909 0.17853 0.080512
0 0.712818 0.648872 0.135127 0.123264
11 0.879485 0.539062 0.046007 0.029948
