6 0.819444 0.189236 0.346065 0.177083
6 0.751157 0.28559 0.292824 0.126736
6 0.725694 0.358073 0.292824 0.12066
5 0.741898 0.476562 0.292824 0.135417
5 0.781829 0.561198 0.324074 0.193576
3 0.326968 0.450087 0.25463 0.144965
2 0.44213 0.585938 0.248843 0.128472
2 0.368056 0.643229 0.232639 0.107639
1 0.583912 0.746962 0.277778 0.174479
1 0.436921 0.741319 0.210648 0.144097
11 0.16956 0.652344 0.05787 0.047743
11 0.126157 0.499566 0.061343 0.039062
11 0.524884 0.420573 0.081019 0.051215
11 0.560764 0.461806 0.060185 0.052083
10 0.860532 0.703993 0.275463 0.170139
