4 0.300058 0.415582 0.185185 0.109809
7 0.319589 0.87717 0.213831 0.133247
7 0.451389 0.685004 0.203125 0.110026
6 0.131655 0.265191 0.20544 0.146701
7 0.482639 0.59592 0.152778 0.099392
8 0.12283 0.652669 0.238715 0.22678
0 0.284722 0.545573 0.21875 0.131944
5 0.159433 0.161784 0.195023 0.098307
6 0.369792 0.265625 0.158565 0.113715
5 0.375723 0.177626 0.150174 0.080078
7 0.405527 0.770508 0.205729 0.094401
11 0.4932 0.473199 0.05353 0.036241
11 0.485822 0.439887 0.04919 0.032118
0 0.346354 0.499349 0.172454 0.079861
4 0.354601 0.357964 0.180845 0.071398
6 0.251302 0.264974 0.166377 0.097656
5 0.301939 0.147135 0.147859 0.097656
