7 0.264431 0.261285 0.117839 0.224537
2 0.342448 0.434462 0.122396 0.234086
1 0.461155 0.436632 0.117622 0.236690
7 0.422960 0.198206 0.117622 0.229745
5 0.519640 0.253038 0.128255 0.232350
5 0.649197 0.210359 0.121745 0.226273
6 0.764214 0.255642 0.124349 0.221933
3 0.652452 0.453414 0.137370 0.231481
4 0.619575 0.641927 0.142795 0.257812
4 0.492296 0.694010 0.139540 0.264178
0 0.657444 0.796586 0.107856 0.250000
4 0.772461 0.827257 0.136936 0.244792
0 0.753364 0.615162 0.149957 0.260417
0 0.866536 0.592303 0.141927 0.270833
4 0.219727 0.682147 0.183377 0.280382
