7 0.361111 0.126845 0.282986 0.140842
0 0.326244 0.749674 0.286748 0.149523
5 0.361834 0.255642 0.242188 0.121528
5 0.548322 0.254774 0.106481 0.115451
6 0.349826 0.394206 0.277778 0.137804
4 0.374566 0.544054 0.064525 0.12066
4 0.49566 0.551975 0.076968 0.129123
4 0.197049 0.541667 0.289352 0.135417
6 0.542679 0.376628 0.109086 0.126953
4 0.429688 0.543945 0.052083 0.116536
0 0.515336 0.737956 0.08912 0.138238
0 0.599971 0.74349 0.083623 0.138889
4 0.618634 0.540582 0.069444 0.113281
11 0.425058 0.251845 0.063657 0.044488
7 0.543547 0.11339 0.139178 0.11263
4 0.557726 0.54145 0.047164 0.119792
11 0.33695 0.115885 0.072049 0.046875
