9 0.274631 0.117332 0.207248 0.257812
3 0.490668 0.212529 0.147569 0.207465
1 0.65842 0.453559 0.097222 0.210359
2 0.613173 0.245081 0.113932 0.212384
1 0.723958 0.235532 0.122396 0.225694
7 0.498372 0.661314 0.111328 0.193576
5 0.305881 0.39048 0.125651 0.221354
2 0.435438 0.434172 0.127821 0.217882
2 0.558051 0.456453 0.103082 0.185475
6 0.184787 0.368779 0.136936 0.234664
0 0.727756 0.646412 0.119575 0.191551
0 0.618815 0.666233 0.102648 0.175637
0 0.867622 0.335938 0.161892 0.204282
0 0.802951 0.497106 0.108507 0.202546
11 0.425673 0.603154 0.035373 0.049479
11 0.358181 0.581308 0.042752 0.050347
