4 0.724392 0.64294 0.306424 0.243056
4 0.545139 0.648148 0.064236 0.232639
4 0.477431 0.662037 0.088542 0.244213
4 0.405816 0.644676 0.077257 0.237269
4 0.344618 0.650463 0.074653 0.228009
4 0.273872 0.659722 0.084201 0.228009
4 0.197049 0.672454 0.081597 0.230324
4 0.121962 0.671875 0.068576 0.236111
0 0.759115 0.328704 0.296007 0.237269
0 0.572049 0.318866 0.104167 0.240741
0 0.482205 0.319444 0.082465 0.230324
0 0.421875 0.354167 0.074653 0.21875
0 0.342448 0.364583 0.09809 0.230324
0 0.263889 0.365741 0.083333 0.237269
0 0.187934 0.374421 0.08941 0.233796
0 0.115017 0.372685 0.080729 0.239583
