4 0.716905 0.605758 0.22678 0.208044
0 0.30447 0.545428 0.147135 0.22338
5 0.400716 0.746817 0.160373 0.261574
6 0.639214 0.939525 0.200304 0.12037
2 0.415365 0.441985 0.12066 0.274595
3 0.583442 0.36603 0.186849 0.288773
11 0.46951 0.921296 0.041884 0.068287
11 0.855577 0.893084 0.055773 0.070891
0 0.184353 0.534288 0.103082 0.197627
7 0.520074 0.683304 0.118707 0.238715
7 0.885634 0.841869 0.216146 0.272859
7 0.868381 0.297454 0.251519 0.320023
11 0.834852 0.279369 0.059028 0.069155
11 0.537326 0.735966 0.045139 0.061053
11 0.571398 0.323061 0.049913 0.058738
6 0.604167 0.841001 0.197049 0.131655
3 0.48622 0.371672 0.100043 0.263021
11 0.265516 0.478877 0.037109 0.055556
0 0.210286 0.477865 0.053385 0.188368
0 0.275174 0.458044 0.086806 0.145833
11 0.287435 0.798466 0.029731 0.060475
7 0.305339 0.84809 0.147135 0.248264
4 0.678494 0.477286 0.20421 0.16522
