7 0.663773 0.176215 0.271412 0.175781
7 0.868779 0.405924 0.240451 0.143012
2 0.418403 0.202148 0.24537 0.245443
1 0.16985 0.242079 0.265625 0.138238
3 0.174913 0.530924 0.265336 0.133898
4 0.564959 0.75727 0.199363 0.14822
4 0.429253 0.750543 0.239294 0.119575
4 0.163339 0.654839 0.188368 0.164714
4 0.260706 0.413086 0.28125 0.172092
0 0.355035 0.645833 0.216435 0.169271
0 0.571904 0.574002 0.237558 0.116753
0 0.644821 0.472873 0.147859 0.170573
5 0.740596 0.631944 0.239294 0.144531
5 0.532552 0.348416 0.276331 0.1773
6 0.802517 0.742296 0.189525 0.152561
