4 0.283095 0.394242 0.226780 0.208044
0 0.695530 0.454572 0.147135 0.223380
5 0.599284 0.253183 0.160373 0.261574
6 0.360786 0.060475 0.200304 0.120370
2 0.584635 0.558015 0.120660 0.274595
3 0.416558 0.633970 0.186849 0.288773
11 0.530490 0.078704 0.041884 0.068287
11 0.144423 0.106916 0.055773 0.070891
0 0.815647 0.465712 0.103082 0.197627
7 0.479926 0.316696 0.118707 0.238715
7 0.114366 0.158131 0.216146 0.272859
7 0.131619 0.702546 0.251519 0.320023
11 0.165148 0.720631 0.059028 0.069155
11 0.462674 0.264034 0.045139 0.061053
11 0.428602 0.676939 0.049913 0.058738
6 0.395833 0.158999 0.197049 0.131655
3 0.513780 0.628328 0.100043 0.263021
11 0.734484 0.521123 0.037109 0.055556
0 0.789714 0.522135 0.053385 0.188368
0 0.724826 0.541956 0.086806 0.145833
11 0.712565 0.201534 0.029731 0.060475
7 0.694661 0.151910 0.147135 0.248264
4 0.321506 0.522714 0.204210 0.165220
