5 0.433268 0.42853 0.131727 0.258102
4 0.476562 0.104167 0.164931 0.203125
0 0.717556 0.132234 0.200304 0.242477
11 0.777235 0.746094 0.058377 0.07147
6 0.602865 0.474248 0.21224 0.28125
3 0.258247 0.451389 0.115017 0.21412
3 0.366102 0.684606 0.189236 0.26794
1 0.129015 0.545284 0.130425 0.190683
7 0.095378 0.695023 0.130425 0.195023
11 0.402344 0.478009 0.039062 0.050926
11 0.334852 0.656829 0.042969 0.0625
3 0.755317 0.783854 0.282335 0.303241
11 0.050022 0.677373 0.040148 0.056134
4 0.433268 0.156395 0.139106 0.136285
11 0.725803 0.057002 0.049696 0.053241
11 0.636285 0.457755 0.056858 0.056713
11 0.276367 0.392795 0.038845 0.054109
2 0.174588 0.453704 0.090495 0.156829
2 0.685981 0.636285 0.172743 0.220486
6 0.544922 0.390336 0.127604 0.191551
