7 0.257812 0.392036 0.175926 0.191623
0 0.185764 0.673286 0.153356 0.168186
7 0.432292 0.572917 0.228588 0.179253
7 0.632812 0.757812 0.222222 0.194444
7 0.748987 0.58724 0.290799 0.179253
5 0.476273 0.243381 0.260995 0.156467
6 0.530816 0.350043 0.249132 0.107205
7 0.821759 0.357747 0.267361 0.223307
11 0.502604 0.837457 0.067708 0.053385
0 0.270255 0.690538 0.116898 0.161892
0 0.35706 0.667969 0.129051 0.155816
6 0.539497 0.437826 0.252025 0.138672
11 0.73423 0.590169 0.065104 0.04796
10 0.488281 0.834201 0.217882 0.184462
