4 0.451823 0.212782 0.186632 0.173394
0 0.785301 0.69553 0.240162 0.144531
4 0.443576 0.358615 0.204282 0.145182
0 0.747251 0.56684 0.217882 0.18099
6 0.744068 0.310221 0.190683 0.160373
5 0.37037 0.478407 0.259259 0.128255
4 0.592737 0.355686 0.144387 0.131076
2 0.548177 0.520833 0.19647 0.177083
8 0.203993 0.233832 0.322338 0.248047
9 0.526476 0.715603 0.253183 0.196832
4 0.588108 0.246419 0.14728 0.099175
7 0.915943 0.503038 0.162905 0.167535
5 0.334491 0.56901 0.279514 0.186198
0 0.849537 0.627279 0.109375 0.087023
5 0.796296 0.416341 0.172454 0.125651
11 0.577546 0.251845 0.052662 0.039714
11 0.536603 0.511502 0.055845 0.042535
11 0.530237 0.674045 0.055845 0.044271
11 0.750289 0.537435 0.051505 0.041884
