11 0.256076 0.49537 0.049479 0.069444
11 0.224392 0.377894 0.053819 0.072917
11 0.260417 0.157407 0.059896 0.076389
11 0.667101 0.333333 0.039931 0.064815
11 0.772569 0.624421 0.039062 0.054398
10 0.659722 0.630208 0.106771 0.241898
1 0.523003 0.59375 0.138889 0.277778
1 0.56467 0.708333 0.114583 0.261574
2 0.369792 0.643519 0.162326 0.296296
2 0.437934 0.717593 0.131944 0.270833
3 0.295573 0.745949 0.144097 0.28125
9 0.811632 0.467593 0.200521 0.240741
8 0.427083 0.262153 0.301215 0.306713
8 0.714844 0.177662 0.230903 0.255787
