7 0.790509 0.167101 0.345486 0.198785
7 0.478154 0.147461 0.30816 0.187283
5 0.360098 0.63878 0.16059 0.123915
7 0.444155 0.299913 0.282407 0.150174
6 0.410735 0.454536 0.267072 0.150825
7 0.225839 0.150391 0.241609 0.151476
5 0.542245 0.616536 0.290509 0.135851
7 0.205729 0.301541 0.240741 0.146484
11 0.714988 0.344293 0.07581 0.055339
11 0.429398 0.470595 0.070602 0.054036
11 0.218461 0.335395 0.070023 0.046224
7 0.720775 0.348524 0.435185 0.146701
6 0.247251 0.478516 0.135706 0.118056
11 0.484375 0.093967 0.078125 0.062934
11 0.564236 0.580729 0.074074 0.048611
11 0.31713 0.575955 0.072917 0.046007
5 0.244213 0.607205 0.121528 0.110243
