6 0.282986 0.521484 0.252315 0.134549
4 0.273438 0.233181 0.222222 0.1148
9 0.389323 0.787435 0.2364 0.288845
0 0.312934 0.133355 0.242188 0.11046
7 0.717737 0.168403 0.206308 0.12066
7 0.757957 0.472114 0.215567 0.105252
0 0.467882 0.149089 0.092014 0.086806
7 0.743056 0.266493 0.20544 0.101562
5 0.245515 0.365126 0.264178 0.11046
7 0.75463 0.584635 0.216435 0.114583
11 0.506366 0.587131 0.056713 0.049696
7 0.732784 0.365017 0.220775 0.107639
4 0.432147 0.255859 0.080729 0.097656
11 0.471499 0.531684 0.050637 0.039062
4 0.525174 0.255642 0.096065 0.099826
0 0.531973 0.15625 0.047164 0.090712
8 0.685909 0.812066 0.226562 0.280382
