2 0.671332 0.213108 0.126953 0.259549
1 0.782661 0.185764 0.136502 0.273148
3 0.32194 0.179253 0.153863 0.247975
7 0.625651 0.723958 0.102865 0.198495
7 0.613281 0.514757 0.12066 0.234954
0 0.784831 0.452402 0.126953 0.210938
1 0.498698 0.534144 0.121962 0.224537
6 0.365343 0.745804 0.132161 0.194155
5 0.503147 0.742043 0.103082 0.192998
3 0.545464 0.227865 0.16428 0.202257
3 0.326063 0.5557 0.150825 0.183738
0 0.802517 0.721065 0.117622 0.091435
0 0.784939 0.592882 0.107639 0.071181
0 0.790799 0.664497 0.112413 0.067998
