7 0.433811 0.176794 0.124566 0.300347
6 0.74707 0.199219 0.135634 0.274016
5 0.600043 0.18287 0.125434 0.269676
1 0.60102 0.45327 0.127821 0.243924
0 0.232747 0.511719 0.141276 0.238715
3 0.674805 0.736545 0.146918 0.206887
2 0.352539 0.75463 0.117405 0.221644
7 0.428277 0.455874 0.121311 0.24566
3 0.484266 0.748843 0.147352 0.206597
1 0.239258 0.765625 0.144748 0.23669
3 0.736111 0.444155 0.12934 0.20081
0 0.203451 0.159144 0.14822 0.12963
0 0.224826 0.253617 0.148872 0.08478
0 0.233941 0.340567 0.134983 0.094907
