11 0.668403 0.569878 0.056713 0.046875
11 0.37037 0.699219 0.060185 0.039931
11 0.546875 0.18316 0.061343 0.042535
11 0.650463 0.164497 0.064815 0.045139
11 0.822917 0.201389 0.060185 0.047743
8 0.723958 0.344618 0.251157 0.269965
8 0.802083 0.618924 0.222222 0.243924
9 0.530671 0.743056 0.22338 0.242188
10 0.384259 0.572917 0.24537 0.118924
1 0.428241 0.428819 0.256944 0.141493
1 0.315972 0.471788 0.259259 0.118056
2 0.405671 0.284288 0.267361 0.142361
2 0.323495 0.34592 0.248843 0.118056
3 0.320602 0.214844 0.24537 0.119792
