1 0.393519 0.759006 0.195023 0.13954
7 0.662905 0.716146 0.282986 0.169705
7 0.695602 0.572157 0.291088 0.156467
2 0.266348 0.591688 0.112558 0.117405
2 0.408131 0.597331 0.213831 0.1352
7 0.7011 0.421115 0.274306 0.14388
7 0.658999 0.86849 0.288484 0.169271
4 0.509259 0.197374 0.193287 0.203776
3 0.349537 0.473307 0.179398 0.114149
0 0.396701 0.375326 0.190972 0.095269
11 0.695747 0.325521 0.069155 0.046875
11 0.517216 0.459852 0.061632 0.051215
1 0.263021 0.774197 0.103009 0.139974
0 0.375 0.28342 0.134838 0.106771
0 0.40625 0.237847 0.123843 0.152778
11 0.440394 0.364583 0.055556 0.039931
11 0.44213 0.62283 0.056713 0.047743
11 0.672454 0.703125 0.070602 0.060764
