0 0.717556 0.588542 0.148655 0.171296
5 0.658095 0.439381 0.1352 0.24103
7 0.798069 0.31684 0.144748 0.224537
6 0.416992 0.291956 0.235026 0.222801
4 0.368273 0.6807 0.172743 0.128183
11 0.607964 0.301215 0.037109 0.0625
0 0.852214 0.570023 0.090278 0.132523
7 0.223199 0.792679 0.200304 0.118345
7 0.166233 0.442274 0.237847 0.268808
7 0.524306 0.521123 0.146267 0.195023
3 0.516385 0.719618 0.08138 0.175926
6 0.447049 0.42419 0.187934 0.109375
11 0.797418 0.384259 0.040582 0.056713
11 0.738932 0.637008 0.032552 0.036169
11 0.447049 0.766638 0.039931 0.04022
11 0.243924 0.808738 0.040799 0.046875
11 0.188911 0.425347 0.058811 0.068866
4 0.326063 0.61603 0.198134 0.160301
0 0.784939 0.604311 0.063368 0.149595
0 0.719293 0.652488 0.092231 0.072338
2 0.583333 0.675781 0.106771 0.139757
3 0.439345 0.740596 0.134766 0.149595
11 0.506944 0.49349 0.042535 0.055845
