7 0.37934 0.489258 0.263889 0.169922
7 0.336082 0.346029 0.293692 0.181207
7 0.820457 0.416667 0.246817 0.177951
7 0.819444 0.635742 0.179977 0.134766
7 0.717014 0.785048 0.199074 0.112196
5 0.631076 0.57997 0.206019 0.144314
9 0.150174 0.596463 0.298611 0.23546
7 0.620226 0.366536 0.262442 0.179253
7 0.468027 0.858181 0.180845 0.11263
0 0.442853 0.672201 0.235822 0.11046
7 0.290943 0.770399 0.231771 0.12934
2 0.547164 0.765299 0.197917 0.105252
10 0.804253 0.22526 0.267072 0.193142
11 0.881221 0.736111 0.04022 0.032552
