0 0.558051 0.521557 0.121311 0.253183
1 0.552517 0.805266 0.130642 0.179398
7 0.731337 0.810619 0.15625 0.198206
1 0.458984 0.783275 0.101128 0.191551
7 0.896484 0.77445 0.163628 0.185475
7 0.757378 0.60706 0.223524 0.248264
2 0.276042 0.771267 0.115017 0.18316
4 0.190864 0.500868 0.117405 0.244213
4 0.284831 0.512731 0.085286 0.233796
2 0.364366 0.784722 0.071615 0.179398
3 0.166233 0.746817 0.132378 0.179398
0 0.458767 0.519097 0.15191 0.273148
4 0.107205 0.443866 0.167535 0.268519
11 0.136285 0.775463 0.041667 0.056713
11 0.353299 0.762153 0.039931 0.055556
