0 0.721065 0.75434 0.237269 0.260417
0 0.699653 0.605903 0.238426 0.107639
0 0.679977 0.519097 0.238426 0.092014
0 0.671296 0.447917 0.234954 0.079861
0 0.671296 0.363281 0.251157 0.09809
0 0.690394 0.275174 0.263889 0.086806
0 0.688079 0.192708 0.252315 0.088542
0 0.675926 0.111979 0.260417 0.072917
4 0.318866 0.747396 0.243056 0.255208
4 0.342593 0.58941 0.237269 0.086806
4 0.277778 0.522135 0.244213 0.08941
4 0.263889 0.460938 0.241898 0.095486
4 0.227431 0.387587 0.25 0.108507
4 0.23206 0.299479 0.256944 0.097222
4 0.229167 0.213542 0.246528 0.092014
4 0.224537 0.121528 0.251157 0.09375
