1 0.405237 0.858398 0.254919 0.232422
6 0.521267 0.272569 0.186053 0.173611
2 0.683594 0.185872 0.215567 0.136068
4 0.182436 0.404622 0.155382 0.140408
3 0.375145 0.643121 0.221354 0.174262
0 0.314381 0.220378 0.149595 0.120443
5 0.419705 0.430122 0.208044 0.131076
3 0.643808 0.482639 0.278935 0.231337
11 0.600116 0.504015 0.060764 0.051866
11 0.765625 0.112413 0.0625 0.046441
11 0.529803 0.983615 0.070023 0.032335
11 0.32147 0.60395 0.060764 0.045139
3 0.776476 0.1301 0.224826 0.169054
6 0.421875 0.314562 0.130208 0.111328
11 0.266638 0.214193 0.040799 0.03342
11 0.456019 0.444227 0.055556 0.041667
7 0.572772 0.900499 0.313368 0.198568
2 0.328704 0.763021 0.162616 0.151042
4 0.189236 0.455187 0.144676 0.090495
11 0.511719 0.236979 0.050637 0.03559
