4 0.658999 0.789714 0.285012 0.171007
4 0.675058 0.517144 0.282407 0.149306
4 0.621238 0.375868 0.274306 0.157118
4 0.833044 0.202908 0.277199 0.162326
0 0.796152 0.340386 0.282118 0.126953
0 0.594473 0.224826 0.28559 0.176215
0 0.573495 0.096029 0.28588 0.162977
3 0.41956 0.339952 0.248264 0.149957
1 0.408565 0.542535 0.231481 0.123698
5 0.219618 0.479709 0.219907 0.130859
5 0.175781 0.344293 0.230613 0.132161
6 0.214265 0.217665 0.230613 0.140625
7 0.174913 0.573785 0.221933 0.113715
7 0.239005 0.733832 0.216435 0.105252
2 0.405961 0.663194 0.231481 0.112413
