0 0.187645 0.751628 0.194734 0.097439
0 0.202112 0.698351 0.198785 0.082899
0 0.1807 0.604601 0.20515 0.101997
3 0.486979 0.640842 0.197338 0.101997
2 0.485677 0.533637 0.20515 0.105903
1 0.449363 0.418186 0.22338 0.119792
4 0.161314 0.396918 0.215567 0.103299
4 0.177951 0.314019 0.217593 0.075521
4 0.204716 0.253798 0.227141 0.100043
4 0.219184 0.189996 0.225984 0.100043
7 0.623843 0.152452 0.260417 0.197266
7 0.729167 0.266276 0.255208 0.181424
5 0.768519 0.613932 0.209491 0.113715
5 0.918547 0.584527 0.1114 0.105252
6 0.877315 0.701389 0.20081 0.105903
