5 0.472367 0.583333 0.202257 0.173177
4 0.842014 0.339193 0.248264 0.142795
7 0.594184 0.320964 0.232928 0.133681
7 0.190394 0.724609 0.259259 0.197917
7 0.398438 0.299371 0.221065 0.113932
5 0.514612 0.816406 0.337095 0.244358
8 0.208333 0.524089 0.197917 0.247396
4 0.781829 0.465169 0.248264 0.081814
11 0.473814 0.419379 0.059896 0.041884
4 0.8193 0.545247 0.26765 0.105252
11 0.708044 0.380968 0.067708 0.031901
6 0.445891 0.719293 0.255787 0.179905
6 0.618345 0.573568 0.177662 0.184462
4 0.781395 0.404188 0.26765 0.098307
11 0.207321 0.545464 0.063947 0.031033
