8 0.18457 0.184172 0.310981 0.295428
10 0.1824 0.51765 0.167318 0.289352
11 0.292209 0.452402 0.050564 0.081887
7 0.315321 0.786458 0.151042 0.243634
7 0.43826 0.437934 0.145616 0.294271
7 0.439996 0.140625 0.147352 0.28125
0 0.637804 0.165365 0.171441 0.330729
0 0.730252 0.21195 0.107639 0.280961
0 0.807075 0.218027 0.096788 0.283275
0 0.897135 0.192564 0.101128 0.312211
3 0.604058 0.543981 0.135634 0.274884
1 0.744249 0.546441 0.144748 0.263021
1 0.850586 0.545284 0.100477 0.269965
5 0.700412 0.846065 0.13303 0.237269
5 0.611871 0.860532 0.093099 0.240162
6 0.509223 0.871383 0.143012 0.237558
