6 0.754196 0.457031 0.246817 0.166233
4 0.389178 0.464084 0.23206 0.142144
4 0.580295 0.371962 0.252604 0.138455
7 0.337384 0.750543 0.245949 0.111328
5 0.277633 0.559245 0.246817 0.129774
8 0.169994 0.292101 0.311053 0.291233
7 0.817564 0.666992 0.241609 0.128689
0 0.572338 0.780056 0.195602 0.117839
2 0.429832 0.608181 0.176794 0.119141
4 0.541088 0.48253 0.153935 0.10829
5 0.736111 0.577582 0.189236 0.121745
4 0.460503 0.310221 0.246817 0.208984
5 0.217882 0.61697 0.232639 0.155816
0 0.601562 0.688911 0.226273 0.129123
0 0.673177 0.75076 0.111979 0.076172
11 0.611834 0.674262 0.049479 0.03342
11 0.406105 0.616536 0.052951 0.036892
11 0.350694 0.731228 0.043403 0.029731
11 0.572049 0.378689 0.054398 0.044271
