7 0.21658 0.744141 0.24566 0.113715
7 0.16088 0.571723 0.251736 0.121745
2 0.406829 0.671007 0.238426 0.113715
1 0.424334 0.550347 0.247396 0.125
3 0.463831 0.362305 0.233218 0.123481
5 0.234954 0.480686 0.243634 0.123698
5 0.20298 0.338325 0.247975 0.12283
6 0.26794 0.219944 0.248264 0.121745
0 0.6318 0.281467 0.244502 0.138021
0 0.626447 0.150825 0.260417 0.15191
0 0.7989 0.391927 0.228009 0.127604
4 0.643519 0.412001 0.224537 0.124349
4 0.678675 0.535916 0.25434 0.144748
4 0.83695 0.278429 0.221933 0.157118
4 0.630787 0.792752 0.255208 0.166233
