4 0.198206 0.174805 0.208912 0.152127
7 0.403935 0.32487 0.225694 0.129774
9 0.410446 0.136719 0.222512 0.196615
9 0.635995 0.171658 0.198495 0.190104
4 0.285301 0.828993 0.197917 0.128038
7 0.429688 0.44401 0.206019 0.106337
7 0.659867 0.423069 0.234664 0.123047
1 0.641348 0.589627 0.208044 0.109375
5 0.433738 0.566298 0.200231 0.102648
4 0.1807 0.371094 0.249132 0.148438
0 0.537037 0.835178 0.191551 0.155165
6 0.393374 0.676432 0.208044 0.115017
5 0.177083 0.561415 0.217014 0.101997
0 0.646846 0.711372 0.2011 0.119792
6 0.183304 0.668511 0.221933 0.120009
11 0.722222 0.829536 0.051505 0.04145
11 0.691117 0.945095 0.052373 0.039062
