0 0.811053 0.743598 0.286458 0.166884
4 0.184028 0.694878 0.211806 0.12066
7 0.506944 0.669379 0.247106 0.129123
7 0.786748 0.562283 0.270255 0.148872
7 0.187645 0.370551 0.207465 0.161241
6 0.375579 0.243273 0.236111 0.097656
6 0.612558 0.239258 0.244792 0.107856
7 0.469907 0.387695 0.269676 0.186415
7 0.762587 0.383898 0.253183 0.161458
7 0.349537 0.504449 0.240741 0.1352
11 0.531105 0.816732 0.063947 0.054036
11 0.159433 0.582682 0.061343 0.041233
11 0.546296 0.530707 0.05787 0.039714
11 0.337384 0.771484 0.056134 0.041667
11 0.59809 0.330295 0.056134 0.03776
