0 0.738064 0.898438 0.144097 0.203125
5 0.311523 0.452980 0.146484 0.309896
6 0.427409 0.416377 0.096137 0.261574
7 0.441081 0.774884 0.217665 0.279514
7 0.624132 0.597656 0.156250 0.221933
7 0.745985 0.449653 0.128255 0.146991
7 0.456814 0.169705 0.178385 0.262442
0 0.708984 0.724537 0.146267 0.204861
11 0.816298 0.568866 0.035373 0.058449
7 0.621528 0.302373 0.118490 0.225116
10 0.804688 0.607639 0.117622 0.224537
6 0.502930 0.444155 0.129557 0.273727
11 0.628689 0.303096 0.035590 0.055845
0 0.740126 0.816840 0.141710 0.142361
