7 0.380932 0.764865 0.213252 0.103082
7 0.406539 0.651693 0.226852 0.102431
0 0.31033 0.514214 0.225405 0.130425
5 0.40191 0.101562 0.214699 0.123698
4 0.359086 0.389757 0.238426 0.118924
7 0.368634 0.898763 0.20544 0.103082
7 0.628617 0.664171 0.198785 0.097005
5 0.150897 0.089084 0.266493 0.144314
6 0.156973 0.226128 0.266493 0.151476
8 0.148293 0.71441 0.203993 0.229167
5 0.589988 0.12793 0.148727 0.138238
4 0.545428 0.390516 0.144097 0.119575
0 0.49103 0.509115 0.136574 0.114583
11 0.624855 0.471788 0.051794 0.03559
6 0.565394 0.252604 0.173611 0.12283
6 0.380064 0.239149 0.190683 0.12283
11 0.631076 0.513889 0.056134 0.040799
