0 0.740307 0.778212 0.205729 0.197917
0 0.58261 0.707031 0.15191 0.176649
7 0.520833 0.498155 0.177662 0.1773
4 0.319734 0.839518 0.170139 0.127821
5 0.322772 0.375543 0.135706 0.175564
9 0.566551 0.297418 0.310764 0.247613
7 0.547309 0.893555 0.235243 0.178168
9 0.753906 0.468207 0.378183 0.256727
11 0.777488 0.538194 0.060764 0.048611
8 0.144531 0.674696 0.157118 0.204427
6 0.23886 0.465929 0.139757 0.109375
7 0.292535 0.658746 0.160301 0.150825
7 0.370226 0.555339 0.182581 0.142795
11 0.388455 0.534614 0.055266 0.044922
0 0.617477 0.785699 0.111111 0.14388
11 0.484664 0.684896 0.048611 0.034288
0 0.49566 0.678494 0.159144 0.171658
4 0.308015 0.771484 0.16522 0.085069
11 0.530382 0.495009 0.053241 0.034288
6 0.241609 0.399957 0.097801 0.131944
11 0.30136 0.877604 0.045428 0.041233
