9 0.720631 0.209201 0.362558 0.329861
0 0.237992 0.676975 0.138021 0.097005
7 0.606771 0.73622 0.175347 0.148655
0 0.237847 0.515299 0.103588 0.138238
1 0.4443 0.698242 0.159433 0.127387
7 0.273293 0.404839 0.182581 0.152127
11 0.604601 0.3648 0.061632 0.044271
7 0.365017 0.780707 0.158854 0.128689
7 0.529948 0.849175 0.190104 0.107205
3 0.389323 0.570312 0.172743 0.139323
8 0.776331 0.850803 0.3125 0.171224
0 0.166377 0.580729 0.123264 0.082465
4 0.641638 0.546549 0.245081 0.13954
2 0.359809 0.636502 0.105035 0.084201
11 0.357494 0.564128 0.04022 0.031467
11 0.246383 0.541016 0.035012 0.032552
0 0.173032 0.522027 0.046875 0.124783
