0 0.441298 0.555122 0.177734 0.232928
4 0.760417 0.507812 0.142795 0.225116
2 0.309028 0.257523 0.116753 0.209491
6 0.534831 0.802083 0.17296 0.264468
1 0.466905 0.246672 0.11697 0.208623
6 0.688043 0.727286 0.181207 0.258391
0 0.345269 0.779514 0.131944 0.265046
7 0.566732 0.470197 0.136068 0.225694
1 0.638563 0.297309 0.123481 0.214988
8 0.16645 0.525897 0.255208 0.300637
11 0.336589 0.435619 0.043837 0.045428
5 0.767253 0.217303 0.123047 0.212963
11 0.540473 0.236834 0.038845 0.046586
11 0.320421 0.63614 0.038411 0.049479
