7 0.813368 0.40162 0.139323 0.243634
7 0.440104 0.431134 0.110677 0.222222
7 0.203451 0.446759 0.113498 0.207176
0 0.534831 0.664786 0.093967 0.2636
7 0.685872 0.447338 0.131293 0.239583
0 0.610352 0.683304 0.091797 0.234664
7 0.549262 0.423032 0.105469 0.237269
7 0.320964 0.435475 0.100694 0.197338
4 0.381727 0.673177 0.117622 0.206308
11 0.32053 0.588397 0.042535 0.051794
4 0.774306 0.690683 0.113281 0.236111
11 0.382161 0.574363 0.036892 0.048611
4 0.463867 0.665509 0.080946 0.229745
11 0.387153 0.502604 0.045139 0.057292
11 0.627062 0.424624 0.04579 0.051794
0 0.672743 0.691551 0.095486 0.243056
11 0.528646 0.427662 0.034722 0.048611
