7 0.643663 0.518808 0.136719 0.248264
0 0.437283 0.189525 0.118924 0.255208
5 0.620443 0.814091 0.142795 0.219039
7 0.506402 0.551649 0.126519 0.217303
7 0.274306 0.256366 0.13151 0.250579
7 0.359266 0.530671 0.125651 0.229167
6 0.43533 0.836661 0.159722 0.219039
7 0.771701 0.643084 0.142795 0.251447
1 0.822917 0.332176 0.148438 0.275463
1 0.216363 0.48423 0.086372 0.192998
3 0.327365 0.738426 0.162109 0.199074
0 0.61339 0.227575 0.155165 0.252025
11 0.288845 0.661314 0.030382 0.048322
11 0.227214 0.645978 0.036024 0.050058
