4 0.416775 0.685909 0.188585 0.168692
4 0.346788 0.505353 0.158854 0.182002
1 0.399306 0.256944 0.148438 0.212963
0 0.792969 0.622396 0.105469 0.119792
6 0.626411 0.544705 0.097873 0.224826
1 0.547418 0.187645 0.110894 0.172164
7 0.596680 0.794271 0.106120 0.265625
5 0.544379 0.520978 0.098307 0.235822
7 0.482964 0.871962 0.167752 0.219039
5 0.508247 0.377749 0.105469 0.140336
7 0.703451 0.773148 0.116102 0.238426
7 0.824327 0.790799 0.112630 0.214699
7 0.712240 0.289786 0.105903 0.161169
2 0.625977 0.227865 0.088759 0.188368
0 0.726562 0.493345 0.078993 0.160301
11 0.421115 0.542390 0.043186 0.061632
11 0.370009 0.225984 0.040365 0.056713
11 0.789280 0.395255 0.030382 0.050347
4 0.385851 0.566985 0.164497 0.137442
11 0.730469 0.777922 0.030816 0.052951
11 0.745768 0.478299 0.030599 0.044560
7 0.801866 0.410735 0.099392 0.182002
0 0.761176 0.548177 0.095703 0.143229
6 0.610677 0.399306 0.085938 0.144676
