0 0.206814 0.492332 0.140625 0.212674
7 0.564562 0.36603 0.094835 0.161458
7 0.66352 0.33695 0.108724 0.164062
1 0.441406 0.560041 0.088108 0.170428
4 0.203016 0.24103 0.132161 0.197338
4 0.626628 0.137153 0.123481 0.22338
9 0.796875 0.337818 0.143229 0.183738
7 0.582899 0.556424 0.101562 0.156829
4 0.784722 0.158565 0.115017 0.197917
5 0.46072 0.376157 0.098524 0.195602
0 0.334852 0.580584 0.121094 0.18316
5 0.461372 0.136719 0.100694 0.220775
9 0.774089 0.514757 0.129774 0.152778
6 0.364149 0.137587 0.104601 0.218461
6 0.359158 0.340712 0.102431 0.195891
11 0.221897 0.663484 0.037543 0.047454
11 0.098199 0.652344 0.044922 0.045428
