6 0.204572 0.250977 0.155671 0.14822
5 0.240017 0.357964 0.204572 0.136068
5 0.339844 0.652344 0.258391 0.157986
5 0.563802 0.414822 0.255498 0.124349
0 0.375579 0.409505 0.216435 0.12717
0 0.284433 0.500868 0.163773 0.166233
0 0.605179 0.295464 0.222512 0.143012
4 0.425058 0.238607 0.1875 0.147352
4 0.533709 0.236328 0.211516 0.107205
4 0.850694 0.355686 0.216435 0.174913
4 0.681568 0.589952 0.273438 0.158637
7 0.240885 0.79872 0.2364 0.151259
7 0.484954 0.53342 0.241319 0.132378
7 0.758391 0.223633 0.249421 0.143012
7 0.799769 0.131185 0.250579 0.115234
3 0.801215 0.473524 0.26331 0.121962
1 0.721354 0.759766 0.28125 0.163194
2 0.456453 0.820747 0.266493 0.241753
5 0.321759 0.933811 0.272569 0.131076
7 0.103299 0.566406 0.202546 0.125
