4 0.1773 0.814236 0.141493 0.220486
9 0.208116 0.397135 0.184028 0.193576
7 0.453776 0.591291 0.103299 0.175637
9 0.147135 0.603154 0.190538 0.205729
4 0.375217 0.838397 0.145399 0.250868
5 0.569119 0.592882 0.103082 0.190972
1 0.590278 0.40625 0.092448 0.160301
7 0.335286 0.617622 0.108941 0.206308
7 0.435655 0.389178 0.113498 0.18287
0 0.825521 0.500289 0.12934 0.203125
4 0.831055 0.745804 0.115234 0.19647
5 0.565321 0.842014 0.105035 0.219907
0 0.702799 0.401765 0.122179 0.180845
6 0.678928 0.630208 0.119141 0.20081
6 0.669054 0.842303 0.108941 0.223958
11 0.917752 0.36849 0.038194 0.047164
11 0.807075 0.338831 0.033854 0.043981
