6 0.417209 0.288484 0.129557 0.240162
0 0.860894 0.471644 0.126302 0.104167
7 0.604058 0.754196 0.119141 0.239873
9 0.194336 0.398872 0.240668 0.20978
4 0.72526 0.532552 0.122396 0.108507
0 0.859375 0.544994 0.122396 0.065104
7 0.72385 0.779514 0.11697 0.221644
4 0.739909 0.25897 0.141276 0.270255
0 0.870117 0.290654 0.136936 0.274595
5 0.575521 0.239873 0.12066 0.271991
7 0.849609 0.763889 0.132378 0.248843
7 0.373155 0.748843 0.1148 0.226273
7 0.485786 0.767216 0.1148 0.22772
4 0.719401 0.431568 0.123264 0.091725
11 0.362413 0.503183 0.046875 0.056713
11 0.414822 0.470197 0.040148 0.049769
8 0.176975 0.662326 0.225477 0.226852
