2 0.577112 0.808485 0.266493 0.258898
1 0.844039 0.764323 0.303241 0.14974
3 0.845631 0.435438 0.302373 0.153429
4 0.748264 0.577582 0.319444 0.196832
4 0.859664 0.296984 0.216435 0.187717
4 0.561198 0.205621 0.266493 0.126519
4 0.418547 0.203016 0.210359 0.17079
0 0.639612 0.317817 0.239294 0.193793
0 0.407552 0.406901 0.248553 0.121962
0 0.340712 0.520399 0.156539 0.176649
5 0.23452 0.350369 0.243345 0.161675
5 0.453993 0.647569 0.295139 0.190104
6 0.17173 0.231879 0.189525 0.171224
7 0.116175 0.593207 0.230613 0.150391
7 0.325231 0.830838 0.271412 0.178168
