2 0.507089 0.455729 0.225405 0.115017
1 0.507668 0.569878 0.231771 0.114149
4 0.667824 0.679036 0.201968 0.126736
0 0.571904 0.812717 0.228299 0.119792
6 0.60706 0.090386 0.219907 0.136936
5 0.625 0.200195 0.219907 0.116102
5 0.455295 0.181749 0.134549 0.11697
3 0.523582 0.342122 0.223669 0.11697
7 0.636863 0.920681 0.228588 0.136936
6 0.454282 0.063368 0.094329 0.114149
4 0.516927 0.694661 0.080729 0.105903
0 0.431858 0.815538 0.058738 0.121962
4 0.449942 0.689236 0.061921 0.105035
11 0.658709 0.567274 0.046007 0.044705
7 0.478588 0.933377 0.096644 0.123264
