7 0.677843 0.557581 0.143012 0.208333
6 0.479926 0.631221 0.129123 0.16522
7 0.840495 0.298177 0.098958 0.17853
4 0.852105 0.519965 0.13954 0.204861
0 0.729384 0.166377 0.140191 0.140625
9 0.52322 0.164641 0.187066 0.232639
8 0.704427 0.764612 0.22092 0.28559
0 0.675347 0.341001 0.141927 0.135127
5 0.416667 0.516927 0.152778 0.143808
9 0.38878 0.305266 0.16862 0.254051
7 0.532444 0.333623 0.139106 0.130787
4 0.791341 0.537182 0.090495 0.194155
11 0.533529 0.312934 0.028863 0.036748
11 0.561632 0.44401 0.030816 0.050637
11 0.682292 0.34592 0.029948 0.046007
7 0.567925 0.467303 0.135851 0.185764
0 0.699978 0.276042 0.128255 0.119792
0 0.740668 0.239149 0.094184 0.083044
6 0.431966 0.611979 0.125651 0.125
11 0.885742 0.530671 0.034071 0.042245
11 0.567166 0.140625 0.031033 0.043403
