9 0.209201 0.279369 0.329861 0.362558
0 0.676975 0.762008 0.097005 0.138021
7 0.73622 0.393229 0.148655 0.175347
0 0.515299 0.762153 0.138238 0.103588
1 0.698242 0.5557 0.127387 0.159433
7 0.404839 0.726707 0.152127 0.182581
11 0.3648 0.395399 0.044271 0.061632
7 0.780707 0.634983 0.128689 0.158854
7 0.849175 0.470052 0.107205 0.190104
3 0.570312 0.610677 0.139323 0.172743
8 0.850803 0.223669 0.171224 0.3125
0 0.580729 0.833623 0.082465 0.123264
4 0.546549 0.358362 0.13954 0.245081
2 0.636502 0.640191 0.084201 0.105035
11 0.564128 0.642506 0.031467 0.04022
11 0.541016 0.753617 0.032552 0.035012
0 0.522027 0.826968 0.124783 0.046875
