0 0.606192 0.700412 0.259259 0.162977
4 0.342593 0.371528 0.177662 0.125868
6 0.649161 0.304688 0.235243 0.152778
4 0.366319 0.250543 0.16088 0.1352
7 0.823351 0.496853 0.269965 0.169922
2 0.400318 0.516168 0.182581 0.151693
0 0.586516 0.563043 0.270255 0.16428
7 0.344618 0.678168 0.224537 0.16059
5 0.217159 0.547635 0.202257 0.150391
8 0.186921 0.291233 0.199074 0.177951
4 0.469039 0.366753 0.13831 0.099826
4 0.484954 0.265082 0.138889 0.08138
11 0.585359 0.534397 0.072338 0.040582
11 0.470775 0.270616 0.040509 0.03559
11 0.342159 0.647352 0.047743 0.036892
11 0.376736 0.505425 0.059028 0.037326
5 0.682726 0.409722 0.213831 0.143229
5 0.266927 0.481554 0.182002 0.097656
0 0.686343 0.637804 0.146412 0.104601
