7 0.639974 0.452112 0.138455 0.228877
7 0.733724 0.753906 0.155382 0.271701
5 0.381836 0.193576 0.130425 0.194444
7 0.478407 0.433304 0.109592 0.208623
0 0.353841 0.742477 0.131727 0.266782
7 0.336806 0.465712 0.124132 0.22309
0 0.532552 0.805411 0.12283 0.2636
3 0.678819 0.243056 0.184896 0.18287
1 0.162435 0.627749 0.125651 0.249132
1 0.812826 0.506655 0.116536 0.233218
7 0.233181 0.350405 0.147352 0.238426
11 0.724501 0.318721 0.038845 0.051794
6 0.561198 0.159144 0.15842 0.192708
11 0.797201 0.331597 0.036675 0.056713
