0 0.326534 0.16428 0.247975 0.196181
1 0.473814 0.419271 0.237558 0.119358
0 0.712963 0.444661 0.20081 0.121962
1 0.224392 0.372396 0.238137 0.12934
2 0.249855 0.496202 0.230613 0.11697
0 0.518374 0.226888 0.238137 0.154731
2 0.476852 0.527561 0.207755 0.107205
7 0.697338 0.572591 0.202546 0.099175
9 0.167969 0.816189 0.213252 0.174045
2 0.454716 0.645833 0.199942 0.100694
0 0.696181 0.313043 0.211227 0.150825
3 0.237269 0.610352 0.228009 0.098307
6 0.408131 0.866753 0.197627 0.097222
5 0.421152 0.769857 0.208044 0.097873
11 0.62934 0.649197 0.046875 0.033637
11 0.606481 0.710938 0.04919 0.036892
