5 0.18967 0.46658 0.260127 0.117622
7 0.198495 0.627821 0.263889 0.117188
0 0.490162 0.783854 0.203125 0.118924
7 0.449653 0.617947 0.244213 0.104818
2 0.713108 0.673828 0.192419 0.091146
1 0.452546 0.451172 0.236111 0.135417
3 0.716435 0.562826 0.204282 0.1148
1 0.714699 0.771484 0.221065 0.101128
3 0.726852 0.374132 0.199074 0.118056
6 0.197772 0.309462 0.286169 0.137153
3 0.442853 0.314453 0.226562 0.115885
0 0.184028 0.828125 0.112269 0.128038
0 0.34838 0.793186 0.083333 0.104167
0 0.266493 0.80447 0.073495 0.122396
