7 0.757378 0.70081 0.182726 0.224537
7 0.277669 0.404659 0.225477 0.305845
6 0.742947 0.444878 0.156467 0.247975
4 0.489149 0.162905 0.102431 0.273727
7 0.228733 0.694589 0.233941 0.278646
6 0.611871 0.320023 0.206814 0.191551
4 0.318793 0.126447 0.241319 0.232639
8 0.552517 0.796875 0.271701 0.342014
11 0.436523 0.520833 0.054905 0.061921
11 0.596246 0.782986 0.047092 0.056713
5 0.807834 0.374277 0.17296 0.258391
5 0.617405 0.478009 0.152778 0.193287
4 0.586372 0.128472 0.103299 0.217014
4 0.40191 0.188368 0.151042 0.270833
11 0.388129 0.236979 0.049696 0.064236
