4 0.778935 0.842773 0.135417 0.178602
4 0.70081 0.84158 0.111111 0.171007
4 0.607784 0.837674 0.190683 0.173611
0 0.370081 0.827257 0.141204 0.171875
0 0.277344 0.817491 0.192419 0.166667
11 0.195747 0.395182 0.061632 0.049479
11 0.358796 0.325955 0.065972 0.049479
7 0.780671 0.296441 0.164352 0.176215
7 0.780093 0.47309 0.167824 0.178819
7 0.764468 0.65191 0.159722 0.177083
7 0.590278 0.652344 0.16088 0.177951
7 0.620949 0.471354 0.173611 0.171875
7 0.628472 0.297309 0.172454 0.174479
7 0.475694 0.276476 0.186343 0.174479
7 0.460069 0.460069 0.185185 0.173611
7 0.41956 0.641927 0.19213 0.174479
7 0.256366 0.619358 0.185185 0.179688
7 0.300347 0.439236 0.196759 0.166667
7 0.247106 0.238281 0.175926 0.18316
