7 0.395399 0.84082 0.20978 0.097873
0 0.31901 0.443685 0.204572 0.117839
4 0.361834 0.330838 0.216725 0.115668
7 0.400897 0.693793 0.213252 0.088542
4 0.531829 0.325846 0.136574 0.112196
7 0.414786 0.579427 0.210938 0.088976
8 0.190394 0.630751 0.190394 0.217231
7 0.644242 0.603299 0.206308 0.105035
5 0.195023 0.101128 0.200231 0.105469
5 0.553964 0.091797 0.135706 0.096354
0 0.487413 0.442166 0.136863 0.110026
6 0.376013 0.20128 0.172164 0.122613
5 0.388455 0.091146 0.197627 0.106337
6 0.188368 0.208225 0.193287 0.103082
11 0.631221 0.44553 0.055845 0.038628
6 0.544126 0.197917 0.157118 0.111545
11 0.622541 0.401259 0.05353 0.043403
