1 0.185004 0.622541 0.245009 0.264757
4 0.621202 0.196036 0.132595 0.251447
3 0.380208 0.522569 0.151476 0.255787
0 0.802951 0.321470 0.120660 0.220486
6 0.729384 0.587674 0.144531 0.234375
5 0.582682 0.527488 0.119358 0.240162
11 0.090603 0.805556 0.055339 0.058449
2 0.789931 0.749277 0.137153 0.238715
11 0.515082 0.755064 0.051866 0.066262
3 0.532010 0.778212 0.181207 0.248553
11 0.814128 0.256366 0.041450 0.056713
11 0.838433 0.797598 0.042752 0.071470
11 0.756727 0.584491 0.037760 0.059606
4 0.569661 0.227286 0.095052 0.194155
6 0.694878 0.493200 0.099392 0.149595
3 0.828451 0.808594 0.127387 0.198785
2 0.254991 0.500579 0.149306 0.200231
11 0.417535 0.466146 0.045139 0.059028
7 0.142687 0.805556 0.253255 0.260417
11 0.566840 0.579427 0.043403 0.049479
