6 0.893663 0.477756 0.197627 0.136502
5 0.867766 0.294596 0.220486 0.128255
5 0.881076 0.38227 0.206019 0.077908
7 0.826823 0.666233 0.22772 0.150174
7 0.497541 0.560004 0.280961 0.138238
7 0.173322 0.564453 0.34375 0.165365
11 0.518229 0.705512 0.085648 0.055122
10 0.582031 0.81174 0.271123 0.179036
8 0.251591 0.82628 0.295428 0.338325
3 0.591725 0.384983 0.256944 0.141059
1 0.59592 0.246636 0.234086 0.135634
1 0.588542 0.143121 0.245949 0.116536
0 0.222801 0.351128 0.34375 0.176215
0 0.261429 0.253472 0.297743 0.116753
0 0.263166 0.176649 0.2989 0.11849
0 0.248698 0.076172 0.311053 0.095052
