9 0.826606 0.860677 0.247396 0.272280
0 0.315213 0.226562 0.138672 0.220486
1 0.336155 0.532697 0.151910 0.200810
7 0.332140 0.713252 0.165582 0.201389
0 0.518989 0.284578 0.169488 0.182002
3 0.480035 0.487847 0.138889 0.230324
7 0.184787 0.610966 0.130859 0.202257
7 0.650608 0.357205 0.160590 0.256655
11 0.707357 0.766638 0.043186 0.057581
7 0.212023 0.407263 0.143663 0.223669
0 0.467014 0.141204 0.155382 0.184028
10 0.531793 0.766348 0.143880 0.219618
11 0.492079 0.296441 0.046658 0.060475
11 0.485352 0.451678 0.036241 0.044560
8 0.252930 0.852575 0.213325 0.277488
2 0.392253 0.444444 0.104818 0.148148
0 0.506185 0.188223 0.155599 0.094039
