11 0.228299 0.399306 0.035590 0.053241
11 0.305556 0.686343 0.046007 0.050926
11 0.711806 0.545718 0.052951 0.077546
11 0.737413 0.667824 0.053819 0.076389
11 0.688802 0.896991 0.060764 0.083333
2 0.603299 0.390625 0.150174 0.295139
2 0.543837 0.309028 0.123264 0.259259
3 0.680122 0.288773 0.137153 0.281250
1 0.455729 0.434028 0.125868 0.275463
1 0.419705 0.315972 0.098958 0.245370
9 0.182292 0.542824 0.179688 0.203704
9 0.252604 0.848958 0.212674 0.246528
10 0.322917 0.399884 0.101562 0.237269
8 0.532118 0.771991 0.301215 0.324074
