7 0.395833 0.765191 0.151042 0.276910
1 0.211806 0.442274 0.141059 0.223090
2 0.380208 0.281395 0.115885 0.136863
7 0.545030 0.762587 0.148220 0.270544
2 0.368056 0.451244 0.144531 0.245081
7 0.116536 0.731192 0.148872 0.302083
4 0.784722 0.533999 0.240017 0.212095
0 0.603841 0.418403 0.107422 0.233796
11 0.508681 0.567274 0.050347 0.069155
3 0.497830 0.369358 0.121528 0.208623
11 0.640299 0.754051 0.050998 0.068287
7 0.258030 0.730758 0.144965 0.300058
0 0.702799 0.399161 0.129123 0.186632
1 0.195095 0.298756 0.131510 0.133391
11 0.342448 0.491753 0.049479 0.067419
11 0.270833 0.754051 0.057292 0.081019
11 0.610243 0.468750 0.045139 0.063657
0 0.742188 0.419560 0.171875 0.145833
