0 0.80599 0.847367 0.103299 0.23235
0 0.743273 0.829572 0.094618 0.226852
0 0.640299 0.839699 0.1148 0.233218
3 0.676541 0.507957 0.113932 0.213252
2 0.562609 0.504485 0.110894 0.214988
1 0.445747 0.533854 0.124132 0.224537
4 0.410916 0.84158 0.119141 0.242188
4 0.320095 0.818287 0.082031 0.25
4 0.248589 0.782552 0.094835 0.25434
4 0.198568 0.761429 0.098524 0.247396
7 0.18674 0.340712 0.182943 0.250868
7 0.302843 0.251591 0.169054 0.237558
5 0.650282 0.229311 0.113064 0.199942
5 0.615234 0.089844 0.103299 0.094618
6 0.732856 0.135851 0.108507 0.181424
