6 0.4307 0.350043 0.22309 0.164062
7 0.696759 0.324653 0.263889 0.224826
8 0.752749 0.553385 0.327257 0.268229
4 0.170862 0.698351 0.186053 0.144965
7 0.387876 0.752821 0.228877 0.142361
6 0.310909 0.47895 0.180845 0.174913
7 0.608218 0.817925 0.26794 0.164497
4 0.20081 0.582791 0.195602 0.08138
11 0.469184 0.649089 0.058738 0.049479
11 0.738426 0.521159 0.05787 0.044922
5 0.355035 0.274306 0.243056 0.210069
5 0.442853 0.478516 0.180845 0.145833
4 0.165365 0.498372 0.16522 0.089193
4 0.209201 0.651367 0.197338 0.105252
11 0.251157 0.664497 0.053819 0.032552
