5 0.809751 0.529948 0.287905 0.133681
3 0.499132 0.684462 0.237847 0.169705
7 0.545139 0.355469 0.258681 0.115451
1 0.286024 0.182075 0.260127 0.108941
7 0.82147 0.367622 0.287616 0.122396
1 0.515336 0.527561 0.291088 0.146701
3 0.166811 0.599718 0.244502 0.17513
0 0.528067 0.190321 0.240162 0.110243
6 0.784867 0.703451 0.3261 0.171224
2 0.262153 0.271918 0.23669 0.111979
3 0.234809 0.386936 0.242188 0.126736
0 0.842159 0.183051 0.101562 0.102214
0 0.677083 0.194987 0.091435 0.098307
0 0.758391 0.191189 0.081597 0.102865
