7 0.235135 0.380932 0.103082 0.213252
7 0.348307 0.406539 0.102431 0.226852
0 0.485786 0.310330 0.130425 0.225405
5 0.898438 0.401910 0.123698 0.214699
4 0.610243 0.359086 0.118924 0.238426
7 0.101237 0.368634 0.103082 0.205440
7 0.335829 0.628617 0.097005 0.198785
5 0.910916 0.150897 0.144314 0.266493
6 0.773872 0.156973 0.151476 0.266493
8 0.285590 0.148293 0.229167 0.203993
5 0.872070 0.589988 0.138238 0.148727
4 0.609484 0.545428 0.119575 0.144097
0 0.490885 0.491030 0.114583 0.136574
11 0.528212 0.624855 0.035590 0.051794
6 0.747396 0.565394 0.122830 0.173611
6 0.760851 0.380064 0.122830 0.190683
11 0.486111 0.631076 0.040799 0.056134
