8 0.237847 0.68099 0.271991 0.251736
8 0.133681 0.379774 0.262731 0.305556
9 0.460069 0.240017 0.262731 0.3125
10 0.616319 0.456597 0.269676 0.132812
1 0.54456 0.610243 0.253472 0.138021
1 0.674769 0.569878 0.243056 0.121528
2 0.553819 0.743924 0.248843 0.125868
2 0.646991 0.685764 0.233796 0.108507
3 0.623264 0.801649 0.248843 0.107639
11 0.655093 0.315972 0.0625 0.047743
11 0.29456 0.456597 0.065972 0.051215
11 0.411458 0.831597 0.056713 0.040799
11 0.313657 0.854167 0.0625 0.039062
11 0.136574 0.830295 0.060185 0.039931
