7 0.642361 0.791088 0.145833 0.277778
7 0.511719 0.738426 0.113715 0.269676
7 0.415799 0.656829 0.138889 0.256944
7 0.75651 0.624421 0.131076 0.282407
7 0.625 0.550926 0.125 0.260417
7 0.520399 0.506366 0.101562 0.226852
7 0.438802 0.436921 0.084201 0.212963
7 0.801215 0.412037 0.130208 0.246528
7 0.674045 0.322917 0.138021 0.237269
7 0.572049 0.282986 0.112847 0.236111
7 0.479167 0.25463 0.105903 0.21412
0 0.342882 0.318866 0.092014 0.199074
0 0.27908 0.302662 0.078993 0.189815
4 0.294705 0.569444 0.117188 0.230324
4 0.228733 0.537037 0.082465 0.197917
