4 0.456019 0.287001 0.179977 0.173394
4 0.425203 0.434245 0.216146 0.145399
0 0.679977 0.790148 0.259838 0.150608
7 0.423466 0.750543 0.213831 0.146918
7 0.890336 0.621853 0.216435 0.171224
8 0.249132 0.313477 0.22338 0.221571
6 0.764323 0.391819 0.269387 0.184245
5 0.340712 0.535482 0.194734 0.113498
0 0.676649 0.652452 0.247396 0.171658
2 0.48423 0.577908 0.2011 0.138455
5 0.290799 0.600586 0.204861 0.157335
4 0.556568 0.437717 0.136285 0.130208
4 0.57364 0.324219 0.182002 0.107639
11 0.565683 0.328342 0.048032 0.043403
11 0.460214 0.583333 0.049479 0.036024
11 0.426939 0.719076 0.048322 0.037977
11 0.674045 0.634874 0.050637 0.036241
0 0.760272 0.736111 0.136285 0.097656
5 0.78805 0.509223 0.208623 0.144748
