1 0.546586 0.158963 0.189815 0.156901
7 0.414641 0.082031 0.208333 0.144965
4 0.858218 0.59082 0.157986 0.163411
11 0.277778 0.891385 0.076389 0.059679
0 0.789931 0.817057 0.166088 0.18316
2 0.374132 0.788628 0.237847 0.243056
6 0.544994 0.698676 0.227141 0.222005
5 0.610243 0.518121 0.211227 0.124349
3 0.389757 0.420464 0.249421 0.23329
3 0.6114 0.323893 0.192708 0.159939
11 0.432002 0.396701 0.056134 0.051649
11 0.554977 0.74197 0.061343 0.047309
6 0.634549 0.65625 0.127894 0.148438
11 0.577112 0.48763 0.051794 0.046007
11 0.444589 0.03418 0.049479 0.04145
11 0.662182 0.358832 0.050637 0.036241
11 0.841869 0.829427 0.046007 0.042535
4 0.827402 0.525608 0.118345 0.095052
2 0.62963 0.232205 0.127894 0.101128
3 0.261285 0.860135 0.302662 0.268446
