7 0.553819 0.475550 0.190972 0.240451
7 0.711806 0.265770 0.221354 0.298322
7 0.446398 0.700955 0.164062 0.233507
7 0.416233 0.275318 0.147569 0.199942
9 0.704644 0.814815 0.293837 0.363426
0 0.298720 0.225260 0.122613 0.235243
11 0.706706 0.581308 0.044054 0.064236
0 0.212565 0.292535 0.096571 0.204282
1 0.260851 0.840133 0.125434 0.212095
10 0.247830 0.553675 0.125868 0.216146
11 0.466254 0.590712 0.037977 0.055845
7 0.579970 0.171441 0.193359 0.271701
0 0.251845 0.170139 0.073568 0.142361
2 0.309896 0.748264 0.093750 0.153935
3 0.391385 0.843461 0.131727 0.226273
