7 0.311849 0.723814 0.121528 0.239294
7 0.431858 0.685619 0.104601 0.226562
7 0.413954 0.489873 0.136068 0.210648
9 0.126302 0.673322 0.206597 0.202546
1 0.588216 0.480324 0.100043 0.178241
4 0.891819 0.686632 0.110026 0.218171
5 0.556858 0.837674 0.106771 0.23669
9 0.207248 0.48886 0.192708 0.207465
6 0.664605 0.71658 0.139974 0.190683
0 0.78418 0.638455 0.1148 0.21441
4 0.865017 0.471065 0.110677 0.070023
11 0.200738 0.819878 0.043837 0.056424
11 0.142144 0.810185 0.042535 0.052662
4 0.880859 0.541667 0.112847 0.086227
0 0.734158 0.512731 0.096788 0.164352
6 0.683485 0.852575 0.147352 0.258391
5 0.538194 0.662905 0.101562 0.157986
