5 0.506944 0.593027 0.100694 0.136863
7 0.369032 0.683738 0.117839 0.238426
0 0.762695 0.528501 0.1352 0.20515
5 0.503798 0.778212 0.113932 0.243345
9 0.187174 0.453993 0.205078 0.181134
1 0.584852 0.41739 0.114149 0.182002
4 0.915799 0.610966 0.12934 0.18316
7 0.375109 0.528935 0.113932 0.099537
7 0.379774 0.437934 0.104601 0.084201
11 0.110569 0.798177 0.049696 0.063368
4 0.881727 0.390046 0.099826 0.069444
4 0.893229 0.465712 0.113715 0.085938
9 0.15191 0.638021 0.205729 0.220486
6 0.611003 0.789207 0.11046 0.253762
6 0.618056 0.601273 0.116753 0.131366
0 0.737522 0.397135 0.10829 0.08015
11 0.176107 0.804832 0.049696 0.054688
