7 0.344618 0.483615 0.252315 0.151259
7 0.759404 0.405707 0.238137 0.176866
7 0.806713 0.638346 0.226273 0.145182
7 0.300058 0.355686 0.248264 0.161458
7 0.551939 0.366536 0.257234 0.152778
7 0.302373 0.752713 0.208912 0.128689
7 0.733652 0.807075 0.213831 0.12717
5 0.591435 0.572483 0.203704 0.153212
0 0.428964 0.658963 0.215567 0.127821
7 0.482784 0.865777 0.194155 0.127387
9 0.151186 0.577257 0.274016 0.204427
10 0.712384 0.223307 0.277199 0.19401
2 0.551215 0.771918 0.214699 0.115017
11 0.903212 0.755317 0.045428 0.042752
