1 0.568866 0.237847 0.259259 0.189236
1 0.413194 0.241319 0.283565 0.206597
2 0.542824 0.420139 0.271991 0.144097
2 0.627315 0.356337 0.248843 0.132812
3 0.640625 0.554688 0.266204 0.138889
11 0.883681 0.522569 0.071759 0.046875
11 0.876157 0.34592 0.075231 0.056424
11 0.427662 0.578559 0.06713 0.039062
11 0.393519 0.536458 0.061343 0.050347
5 0.219329 0.434028 0.259259 0.171875
5 0.251736 0.512153 0.24537 0.112847
6 0.260417 0.622396 0.234954 0.111111
6 0.225694 0.677517 0.237269 0.101562
6 0.174769 0.751302 0.258102 0.134549
10 0.140625 0.296441 0.256944 0.177951
