7 0.74566 0.262153 0.215856 0.097222
7 0.812355 0.410699 0.229456 0.107856
2 0.581308 0.324002 0.219907 0.099826
1 0.571181 0.433811 0.233218 0.11849
3 0.546296 0.620985 0.243056 0.132161
4 0.358073 0.213759 0.250868 0.148003
4 0.316985 0.446289 0.259549 0.135634
4 0.357784 0.577257 0.247975 0.132812
4 0.136863 0.727105 0.255208 0.162977
0 0.371817 0.717665 0.269097 0.153212
0 0.187645 0.601237 0.251447 0.129557
0 0.385417 0.854926 0.299769 0.171658
6 0.760706 0.755425 0.240162 0.135417
5 0.807002 0.632704 0.233218 0.121745
5 0.758536 0.498915 0.23235 0.117188
