0 0.558702 0.444878 0.177734 0.232928
4 0.239583 0.492188 0.142795 0.225116
2 0.690972 0.742477 0.116753 0.209491
6 0.465169 0.197917 0.17296 0.264468
1 0.533095 0.753328 0.11697 0.208623
6 0.311957 0.272714 0.181207 0.258391
0 0.654731 0.220486 0.131944 0.265046
7 0.433268 0.529803 0.136068 0.225694
1 0.361437 0.702691 0.123481 0.214988
8 0.83355 0.474103 0.255208 0.300637
11 0.663411 0.564381 0.043837 0.045428
5 0.232747 0.782697 0.123047 0.212963
11 0.459527 0.763166 0.038845 0.046586
11 0.679579 0.36386 0.038411 0.049479
