6 0.521484 0.717014 0.134549 0.252315
4 0.233181 0.726562 0.1148 0.222222
9 0.787435 0.610677 0.288845 0.2364
0 0.133355 0.687066 0.11046 0.242188
7 0.168403 0.282263 0.12066 0.206308
7 0.472114 0.242043 0.105252 0.215567
0 0.149089 0.532118 0.086806 0.092014
7 0.266493 0.256944 0.101562 0.20544
5 0.365126 0.754485 0.11046 0.264178
7 0.584635 0.24537 0.114583 0.216435
11 0.587131 0.493634 0.049696 0.056713
7 0.365017 0.267216 0.107639 0.220775
4 0.255859 0.567853 0.097656 0.080729
11 0.531684 0.528501 0.039062 0.050637
4 0.255642 0.474826 0.099826 0.096065
0 0.15625 0.468027 0.090712 0.047164
8 0.812066 0.314091 0.280382 0.226562
