1 0.860135 0.329138 0.179036 0.206308
5 0.507378 0.404514 0.131076 0.221065
3 0.702799 0.412182 0.129557 0.225405
3 0.558485 0.180990 0.182943 0.218461
4 0.465169 0.759983 0.184245 0.247975
0 0.219727 0.646123 0.193359 0.230903
6 0.344727 0.339554 0.185547 0.225405
11 0.201063 0.715278 0.043186 0.064236
2 0.282878 0.185330 0.167318 0.198785
11 0.529622 0.350984 0.048828 0.054977
11 0.225260 0.130642 0.048177 0.061053
11 0.928168 0.190394 0.036892 0.043981
11 0.588759 0.195891 0.042535 0.066551
4 0.528754 0.702402 0.119575 0.182002
2 0.821181 0.429832 0.127170 0.176794
7 0.884983 0.185909 0.178819 0.197627
6 0.388346 0.431279 0.126519 0.155382
11 0.310221 0.346499 0.040582 0.049479
11 0.683160 0.456308 0.038628 0.053819
3 0.243381 0.121672 0.171224 0.175637
