0 0.505932 0.590386 0.23235 0.181641
0 0.442419 0.698676 0.228588 0.088325
5 0.699219 0.487739 0.264178 0.147352
7 0.826823 0.600043 0.249132 0.190538
2 0.416522 0.469184 0.237558 0.110243
4 0.554688 0.247938 0.153935 0.132161
6 0.843027 0.281684 0.184896 0.140625
11 0.842882 0.407878 0.059028 0.041016
3 0.373264 0.342773 0.21875 0.160373
11 0.733941 0.157661 0.05353 0.041884
7 0.622396 0.37576 0.199074 0.094835
11 0.430122 0.621636 0.065104 0.055773
0 0.480035 0.782227 0.232639 0.130859
0 0.407697 0.614583 0.149306 0.131076
3 0.367477 0.401584 0.197338 0.092231
11 0.341146 0.338325 0.041088 0.031684
11 0.347656 0.188585 0.044271 0.031684
11 0.658131 0.354167 0.046007 0.034288
11 0.769387 0.607747 0.053241 0.039714
7 0.355903 0.182834 0.188079 0.124783
7 0.716869 0.148872 0.221933 0.110243
6 0.728588 0.30306 0.121528 0.125651
4 0.442853 0.262261 0.100405 0.124783
