7 0.636176 0.749132 0.191189 0.354167
7 0.808268 0.710503 0.165148 0.354456
7 0.420030 0.786458 0.207248 0.392940
7 0.771810 0.424190 0.156901 0.253472
7 0.620443 0.423322 0.149740 0.273148
7 0.451714 0.431279 0.162109 0.296007
6 0.772135 0.134983 0.147569 0.226562
11 0.272569 0.246094 0.055556 0.073206
5 0.588108 0.116609 0.104167 0.222222
11 0.251628 0.541811 0.052300 0.069734
11 0.476997 0.419416 0.056424 0.083623
11 0.470486 0.114583 0.045139 0.063657
5 0.499132 0.141782 0.151042 0.229167
6 0.684462 0.118056 0.073785 0.218750
11 0.651042 0.409144 0.052083 0.071759
