7 0.560909 0.240668 0.242766 0.196615
6 0.620081 0.563043 0.185764 0.217665
4 0.837529 0.245877 0.287326 0.226562
6 0.496383 0.699436 0.214988 0.15842
7 0.364583 0.229709 0.182292 0.157335
4 0.766204 0.428711 0.254051 0.094401
8 0.270544 0.508681 0.177662 0.259115
11 0.455006 0.388672 0.057581 0.050347
11 0.684462 0.324327 0.06684 0.043186
7 0.302373 0.696832 0.177662 0.184896
4 0.826678 0.522352 0.287037 0.148438
11 0.262587 0.536567 0.042535 0.033203
4 0.759693 0.350152 0.282118 0.117839
5 0.483796 0.568251 0.162037 0.157335
5 0.552951 0.786133 0.23669 0.211589
