0 0.676107 0.754630 0.185547 0.267940
9 0.214301 0.184462 0.261068 0.280382
7 0.181424 0.665799 0.212674 0.279514
7 0.351128 0.475116 0.191840 0.240741
11 0.202365 0.378906 0.044488 0.053530
10 0.724826 0.392072 0.177517 0.221644
7 0.473090 0.267506 0.164062 0.195891
7 0.513346 0.686198 0.199436 0.206308
1 0.683919 0.130787 0.164714 0.177662
11 0.448351 0.363426 0.038628 0.056713
3 0.533420 0.132378 0.157986 0.182581
0 0.795139 0.674624 0.154080 0.209780
0 0.758681 0.831453 0.104601 0.153067
7 0.327365 0.768953 0.210720 0.278067
2 0.637478 0.204716 0.113064 0.133391
