0 0.395833 0.210069 0.184028 0.206597
0 0.414352 0.338542 0.163194 0.072917
0 0.434606 0.397569 0.162037 0.067708
0 0.45081 0.451389 0.155093 0.074653
0 0.470486 0.507812 0.164352 0.060764
0 0.462384 0.560764 0.155093 0.074653
0 0.463542 0.61849 0.148148 0.052951
0 0.475116 0.665799 0.141204 0.052083
4 0.653356 0.228733 0.185185 0.212674
4 0.690394 0.347656 0.168981 0.072049
4 0.678241 0.400608 0.165509 0.063368
4 0.670139 0.451389 0.163194 0.053819
4 0.69213 0.503038 0.158565 0.056424
4 0.693866 0.55816 0.152778 0.0625
4 0.683449 0.617188 0.152778 0.055556
4 0.691551 0.679688 0.155093 0.072917
10 0.892361 0.656684 0.165509 0.165799
11 0.293403 0.456597 0.053241 0.039931
11 0.324653 0.505208 0.053241 0.038194
