5 0.583333 0.527633 0.173177 0.202257
4 0.339193 0.157986 0.142795 0.248264
7 0.320964 0.405816 0.133681 0.232928
7 0.724609 0.809606 0.197917 0.259259
7 0.299371 0.601562 0.113932 0.221065
5 0.816406 0.485388 0.244358 0.337095
8 0.524089 0.791667 0.247396 0.197917
4 0.465169 0.218171 0.081814 0.248264
11 0.419379 0.526186 0.041884 0.059896
4 0.545247 0.1807 0.105252 0.26765
11 0.380968 0.291956 0.031901 0.067708
6 0.719293 0.554109 0.179905 0.255787
6 0.573568 0.381655 0.184462 0.177662
4 0.404188 0.218605 0.098307 0.26765
11 0.545464 0.792679 0.031033 0.063947
