0 0.221788 0.740307 0.197917 0.205729
0 0.292969 0.582610 0.176649 0.151910
7 0.501845 0.520833 0.177300 0.177662
4 0.160482 0.319734 0.127821 0.170139
5 0.624457 0.322772 0.175564 0.135706
9 0.702582 0.566551 0.247613 0.310764
7 0.106445 0.547309 0.178168 0.235243
9 0.531793 0.753906 0.256727 0.378183
11 0.461806 0.777488 0.048611 0.060764
8 0.325304 0.144531 0.204427 0.157118
6 0.534071 0.238860 0.109375 0.139757
7 0.341254 0.292535 0.150825 0.160301
7 0.444661 0.370226 0.142795 0.182581
11 0.465386 0.388455 0.044922 0.055266
0 0.214301 0.617477 0.143880 0.111111
11 0.315104 0.484664 0.034288 0.048611
0 0.321506 0.495660 0.171658 0.159144
4 0.228516 0.308015 0.085069 0.165220
11 0.504991 0.530382 0.034288 0.053241
6 0.600043 0.241609 0.131944 0.097801
11 0.122396 0.301360 0.041233 0.045428
