4 0.519206 0.49103 0.129991 0.240162
0 0.303385 0.482639 0.078559 0.260995
7 0.376845 0.742766 0.113932 0.206597
7 0.134657 0.765914 0.128255 0.244213
7 0.259549 0.753183 0.122396 0.215856
7 0.605252 0.739583 0.114149 0.206597
7 0.715061 0.713976 0.109809 0.19647
0 0.369792 0.494792 0.065104 0.251736
4 0.151367 0.494502 0.082682 0.243056
7 0.489583 0.744358 0.109809 0.216146
0 0.234701 0.481481 0.08138 0.260417
4 0.434245 0.492622 0.067708 0.233507
11 0.522135 0.553241 0.044271 0.049769
11 0.231337 0.503472 0.051215 0.061343
11 0.110243 0.792245 0.050347 0.055556
11 0.485677 0.773148 0.037326 0.047454
11 0.695747 0.771412 0.037326 0.055556
