7 0.737847 0.74566 0.097222 0.215856
7 0.589301 0.812355 0.107856 0.229456
2 0.675998 0.581308 0.099826 0.219907
1 0.566189 0.571181 0.11849 0.233218
3 0.379015 0.546296 0.132161 0.243056
4 0.786241 0.358073 0.148003 0.250868
4 0.553711 0.316985 0.135634 0.259549
4 0.422743 0.357784 0.132812 0.247975
4 0.272895 0.136863 0.162977 0.255208
0 0.282335 0.371817 0.153212 0.269097
0 0.398763 0.187645 0.129557 0.251447
0 0.145074 0.385417 0.171658 0.299769
6 0.244575 0.760706 0.135417 0.240162
5 0.367296 0.807002 0.121745 0.233218
5 0.501085 0.758536 0.117188 0.23235
