0 0.658312 0.12963 0.156033 0.199074
4 0.793294 0.521412 0.133898 0.214699
7 0.62207 0.581163 0.130425 0.202257
5 0.359918 0.583333 0.152995 0.173611
9 0.424045 0.161892 0.203125 0.285012
7 0.454644 0.356047 0.159288 0.187789
0 0.62576 0.265046 0.142144 0.142361
7 0.780707 0.273003 0.107422 0.190683
8 0.660265 0.767072 0.205512 0.273148
9 0.289497 0.34838 0.185764 0.303241
6 0.435004 0.679398 0.111762 0.15625
7 0.512153 0.50217 0.12934 0.21441
6 0.387044 0.67173 0.135634 0.122975
0 0.675564 0.216435 0.099392 0.111111
0 0.614583 0.365017 0.147135 0.114294
11 0.615451 0.358073 0.03342 0.047164
11 0.826714 0.522714 0.034071 0.050637
11 0.495443 0.483796 0.03342 0.043403
11 0.450846 0.33912 0.035373 0.043403
4 0.738932 0.539497 0.085069 0.188368
11 0.468424 0.11849 0.034939 0.050637
