1 0.62283 0.254051 0.167101 0.162616
4 0.398872 0.093461 0.184462 0.176505
0 0.503798 0.775897 0.156467 0.130498
7 0.109375 0.471065 0.1875 0.140625
4 0.386502 0.253906 0.179688 0.164062
0 0.541558 0.656684 0.157335 0.139178
6 0.71148 0.617766 0.141276 0.122106
2 0.371636 0.474392 0.174262 0.157118
7 0.104601 0.319589 0.179253 0.157697
0 0.484484 0.888021 0.152561 0.119213
3 0.351562 0.610822 0.172309 0.147569
5 0.5625 0.477431 0.166667 0.139468
5 0.720378 0.496528 0.147352 0.137731
11 0.351237 0.763455 0.04579 0.049479
11 0.239583 0.753617 0.041233 0.049479
