1 0.594763 0.141602 0.254919 0.232422
6 0.478733 0.727431 0.186053 0.173611
2 0.316406 0.814128 0.215567 0.136068
4 0.817564 0.595378 0.155382 0.140408
3 0.624855 0.356879 0.221354 0.174262
0 0.685619 0.779622 0.149595 0.120443
5 0.580295 0.569878 0.208044 0.131076
3 0.356192 0.517361 0.278935 0.231337
11 0.399884 0.495985 0.060764 0.051866
11 0.234375 0.887587 0.0625 0.046441
11 0.470197 0.016385 0.070023 0.032335
11 0.67853 0.39605 0.060764 0.045139
3 0.223524 0.8699 0.224826 0.169054
6 0.578125 0.685438 0.130208 0.111328
11 0.733362 0.785807 0.040799 0.03342
11 0.543981 0.555773 0.055556 0.041667
7 0.427228 0.099501 0.313368 0.198568
2 0.671296 0.236979 0.162616 0.151042
4 0.810764 0.544813 0.144676 0.090495
11 0.488281 0.763021 0.050637 0.03559
