7 0.746094 0.518808 0.116319 0.310764
7 0.855577 0.345486 0.095703 0.254630
5 0.373264 0.277054 0.184028 0.186632
11 0.473633 0.584925 0.061849 0.082465
7 0.825955 0.850260 0.122396 0.299479
6 0.606988 0.421875 0.170573 0.333912
7 0.850260 0.584491 0.106337 0.304977
11 0.484918 0.263021 0.055339 0.080440
7 0.701063 0.787182 0.132595 0.356771
5 0.406576 0.542824 0.175998 0.374421
11 0.888455 0.598669 0.045573 0.070602
11 0.721897 0.793113 0.054036 0.078125
11 0.607964 0.453704 0.057509 0.070602
7 0.746745 0.271557 0.093316 0.249132
5 0.430990 0.135417 0.158854 0.223380
6 0.587240 0.228009 0.136285 0.193287
11 0.736979 0.278935 0.046875 0.065972
