5 0.683919 0.359954 0.146050 0.282986
0 0.147786 0.400608 0.161458 0.281539
6 0.526584 0.371528 0.155599 0.313657
4 0.400065 0.676215 0.123915 0.076968
4 0.374023 0.551071 0.129991 0.085938
4 0.351128 0.231192 0.158854 0.322338
7 0.855035 0.338831 0.167969 0.322338
5 0.710938 0.572049 0.129774 0.124421
4 0.376302 0.479022 0.126302 0.051794
11 0.702365 0.428530 0.050130 0.073495
6 0.567925 0.569734 0.157986 0.145833
4 0.395074 0.613137 0.126085 0.054977
0 0.185872 0.594618 0.141276 0.101273
4 0.367079 0.420718 0.131293 0.065394
0 0.195312 0.676505 0.135417 0.079861
11 0.864800 0.304688 0.062500 0.076968
7 0.890734 0.545573 0.154731 0.151910
