7 0.67173 0.586589 0.217882 0.119358
7 0.637587 0.34809 0.217303 0.112413
7 0.711516 0.830512 0.230324 0.145399
4 0.428675 0.816515 0.256655 0.119141
7 0.61849 0.218424 0.202257 0.126953
4 0.403212 0.416558 0.245081 0.122179
0 0.418692 0.720486 0.233218 0.092448
7 0.655093 0.467773 0.217014 0.106554
7 0.659288 0.71365 0.239294 0.141276
0 0.426071 0.574761 0.236979 0.094401
11 0.583767 0.417969 0.055266 0.041667
11 0.4864 0.348741 0.052662 0.039931
4 0.418837 0.502387 0.249132 0.081597
11 0.506366 0.418511 0.046875 0.041016
11 0.666667 0.564236 0.054398 0.036458
0 0.421296 0.65842 0.255787 0.106771
11 0.678819 0.65842 0.055556 0.039062
