0 0.870515 0.238281 0.248553 0.131944
0 0.832031 0.418403 0.228877 0.109809
0 0.838397 0.30089 0.225984 0.105252
1 0.518663 0.600152 0.208623 0.106554
2 0.4932 0.478624 0.208623 0.105252
3 0.501736 0.358615 0.210648 0.112196
4 0.809172 0.646701 0.227141 0.121962
5 0.218171 0.375977 0.208912 0.11697
6 0.115596 0.275933 0.199942 0.114366
7 0.248119 0.717122 0.221933 0.152127
7 0.334346 0.82411 0.225984 0.156033
4 0.778935 0.729167 0.234954 0.083333
4 0.738715 0.785156 0.233218 0.093316
4 0.706163 0.831706 0.220197 0.07487
5 0.071181 0.401801 0.089699 0.107422
