3 0.406829 0.471897 0.23669 0.126519
1 0.407841 0.341254 0.248553 0.151259
2 0.608941 0.267144 0.237558 0.125868
7 0.778067 0.285156 0.256366 0.12717
7 0.856337 0.465495 0.261285 0.163194
5 0.650318 0.548177 0.250289 0.154948
5 0.789931 0.671984 0.228588 0.113932
6 0.77445 0.801432 0.223669 0.107639
0 0.552951 0.709744 0.227431 0.183377
0 0.412905 0.720269 0.176505 0.175781
0 0.376881 0.590061 0.238715 0.139757
4 0.175926 0.71951 0.217593 0.113064
4 0.20978 0.484918 0.235532 0.140842
4 0.193432 0.351345 0.182581 0.187934
4 0.396846 0.137695 0.248553 0.205078
