0 0.343027 0.466905 0.224826 0.115234
7 0.437355 0.604709 0.20978 0.106554
7 0.41088 0.726345 0.215856 0.114583
4 0.393808 0.340712 0.183449 0.135851
6 0.208767 0.186089 0.260706 0.136502
7 0.398438 0.880534 0.217014 0.121311
4 0.561632 0.356554 0.127315 0.109375
5 0.434028 0.102322 0.199074 0.127387
5 0.593171 0.127387 0.125 0.11849
5 0.223235 0.073351 0.235243 0.141059
7 0.64511 0.623372 0.159433 0.113932
8 0.183449 0.669922 0.247685 0.236111
6 0.417535 0.215061 0.175926 0.120226
0 0.514178 0.464952 0.128472 0.111762
11 0.64265 0.474067 0.055556 0.040582
11 0.636429 0.434462 0.047164 0.036458
6 0.571759 0.230035 0.151042 0.109809
