0 0.328848 0.265951 0.217303 0.098741
4 0.325955 0.369141 0.199942 0.111545
7 0.712963 0.380642 0.194444 0.10026
6 0.757957 0.163845 0.16985 0.093316
9 0.408854 0.849935 0.195602 0.240234
7 0.701823 0.472331 0.197049 0.100477
7 0.723958 0.57053 0.188657 0.097222
7 0.717014 0.66862 0.210648 0.112847
7 0.690104 0.28852 0.183449 0.094401
0 0.467882 0.279188 0.070023 0.083116
4 0.521557 0.379232 0.088252 0.092231
11 0.503906 0.679253 0.050058 0.042101
0 0.525318 0.28201 0.049479 0.089627
11 0.473958 0.631293 0.04919 0.040365
8 0.655961 0.863932 0.184606 0.237847
5 0.729456 0.073568 0.176505 0.106771
4 0.453993 0.386285 0.049769 0.094184
