4 0.616898 0.713108 0.237269 0.125868
4 0.600694 0.794271 0.21875 0.107639
0 0.353009 0.676649 0.181713 0.12066
0 0.344329 0.748698 0.18287 0.084201
7 0.439815 0.555122 0.202546 0.108507
7 0.25 0.528212 0.165509 0.113715
7 0.271412 0.428385 0.210648 0.099826
7 0.298611 0.313368 0.207176 0.111111
7 0.350694 0.174479 0.225694 0.149306
7 0.572917 0.184028 0.265046 0.175347
7 0.515625 0.346354 0.229167 0.125
7 0.488426 0.458767 0.21875 0.101562
7 0.748843 0.437934 0.295139 0.139757
7 0.773727 0.27691 0.321759 0.194444
7 0.678241 0.559028 0.278935 0.15625
