10 0.759838 0.882378 0.215278 0.150174
1 0.532407 0.47526 0.181713 0.134549
1 0.364583 0.446615 0.278935 0.143229
2 0.35706 0.610243 0.305556 0.173611
2 0.547454 0.62283 0.15625 0.143229
3 0.546875 0.78559 0.189815 0.140625
3 0.365162 0.790799 0.3125 0.170139
6 0.570602 0.28776 0.107639 0.12066
6 0.458333 0.291233 0.137731 0.134549
6 0.252315 0.30816 0.299769 0.15625
5 0.534144 0.156684 0.134259 0.118924
5 0.401042 0.144531 0.166667 0.125868
5 0.212963 0.128038 0.311343 0.148438
11 0.162616 0.467448 0.081019 0.046007
11 0.124421 0.635851 0.083333 0.054688
