0 0.751628 0.812355 0.097439 0.194734
0 0.698351 0.797888 0.082899 0.198785
0 0.604601 0.8193 0.101997 0.20515
3 0.640842 0.513021 0.101997 0.197338
2 0.533637 0.514323 0.105903 0.20515
1 0.418186 0.550637 0.119792 0.22338
4 0.396918 0.838686 0.103299 0.215567
4 0.314019 0.822049 0.075521 0.217593
4 0.253798 0.795284 0.100043 0.227141
4 0.189996 0.780816 0.100043 0.225984
7 0.152452 0.376157 0.197266 0.260417
7 0.266276 0.270833 0.181424 0.255208
5 0.613932 0.231481 0.113715 0.209491
5 0.584527 0.081453 0.105252 0.1114
6 0.701389 0.122685 0.105903 0.20081
