4 0.298177 0.453993 0.217448 0.214699
4 0.465386 0.512587 0.150391 0.227141
0 0.761285 0.331742 0.103299 0.190104
6 0.426541 0.192419 0.152561 0.193287
8 0.298720 0.743634 0.312717 0.347801
7 0.774957 0.552228 0.139757 0.221933
5 0.582140 0.622396 0.121311 0.263889
7 0.616102 0.140770 0.138021 0.172743
0 0.666775 0.303819 0.124349 0.214699
11 0.647352 0.303096 0.038628 0.049479
11 0.754449 0.540509 0.035807 0.054977
11 0.362305 0.335938 0.047960 0.059028
4 0.350477 0.334925 0.128472 0.191262
4 0.471463 0.369936 0.133464 0.147280
5 0.534505 0.204861 0.126302 0.144676
0 0.718641 0.248698 0.064887 0.096933
5 0.657878 0.681568 0.163411 0.239294
2 0.621528 0.468171 0.164931 0.201389
11 0.620334 0.485388 0.034071 0.051794
