7 0.61122 0.423466 0.192925 0.234086
7 0.76378 0.236979 0.19987 0.234954
2 0.31326 0.761574 0.10395 0.207176
0 0.18674 0.22338 0.153863 0.211227
7 0.489366 0.666088 0.187066 0.236111
9 0.766385 0.74783 0.287109 0.340567
11 0.517687 0.543981 0.041016 0.055556
7 0.449978 0.225839 0.185113 0.203993
0 0.31174 0.165075 0.167752 0.224248
10 0.228841 0.52474 0.169488 0.245081
11 0.768121 0.516493 0.041884 0.056713
1 0.240885 0.857639 0.1875 0.23669
3 0.417209 0.844618 0.17296 0.25
7 0.625651 0.149884 0.188368 0.231481
0 0.236871 0.101418 0.110894 0.121817
