4 0.221065 0.157227 0.135417 0.178602
4 0.29919 0.15842 0.111111 0.171007
4 0.392216 0.162326 0.190683 0.173611
0 0.629919 0.172743 0.141204 0.171875
0 0.722656 0.182509 0.192419 0.166667
11 0.804253 0.604818 0.061632 0.049479
11 0.641204 0.674045 0.065972 0.049479
7 0.219329 0.703559 0.164352 0.176215
7 0.219907 0.52691 0.167824 0.178819
7 0.235532 0.34809 0.159722 0.177083
7 0.409722 0.347656 0.16088 0.177951
7 0.379051 0.528646 0.173611 0.171875
7 0.371528 0.702691 0.172454 0.174479
7 0.524306 0.723524 0.186343 0.174479
7 0.539931 0.539931 0.185185 0.173611
7 0.58044 0.358073 0.19213 0.174479
7 0.743634 0.380642 0.185185 0.179688
7 0.699653 0.560764 0.196759 0.166667
7 0.752894 0.761719 0.175926 0.18316
