2 0.786892 0.671332 0.259549 0.126953
1 0.814236 0.782661 0.273148 0.136502
3 0.820747 0.32194 0.247975 0.153863
7 0.276042 0.625651 0.198495 0.102865
7 0.485243 0.613281 0.234954 0.12066
0 0.547598 0.784831 0.210938 0.126953
1 0.465856 0.498698 0.224537 0.121962
6 0.254196 0.365343 0.194155 0.132161
5 0.257957 0.503147 0.192998 0.103082
3 0.772135 0.545464 0.202257 0.16428
3 0.4443 0.326063 0.183738 0.150825
0 0.278935 0.802517 0.091435 0.117622
0 0.407118 0.784939 0.071181 0.107639
0 0.335503 0.790799 0.067998 0.112413
