7 0.815864 0.332755 0.133898 0.244213
7 0.439128 0.360098 0.119141 0.23235
7 0.181641 0.375145 0.112413 0.228877
7 0.311089 0.360677 0.11046 0.225984
7 0.553277 0.353443 0.10829 0.245081
0 0.541884 0.590278 0.088108 0.248264
7 0.688694 0.37934 0.126953 0.240741
4 0.381944 0.604022 0.122396 0.199363
4 0.766819 0.616464 0.103516 0.216146
0 0.67372 0.6114 0.086589 0.230903
11 0.314345 0.521123 0.041884 0.052662
11 0.381944 0.50651 0.045139 0.046586
4 0.464518 0.591869 0.081814 0.237558
11 0.382812 0.43316 0.042101 0.058449
11 0.632595 0.353877 0.044705 0.050926
11 0.534722 0.359375 0.038194 0.055556
0 0.618924 0.609375 0.102431 0.238426
