1 0.55599 0.679398 0.14974 0.228009
0 0.529731 0.357494 0.106771 0.278067
0 0.435004 0.370515 0.118273 0.256655
2 0.281576 0.699797 0.122613 0.22772
7 0.708767 0.399884 0.21441 0.251157
7 0.723199 0.644676 0.122613 0.236111
4 0.206923 0.395255 0.099609 0.226852
7 0.866102 0.559317 0.132812 0.251736
2 0.36849 0.699942 0.075087 0.225116
3 0.173611 0.697627 0.122396 0.233796
4 0.28776 0.397135 0.075521 0.231771
11 0.348524 0.655382 0.046007 0.059028
11 0.140299 0.729745 0.044488 0.060185
4 0.134332 0.366319 0.153646 0.277778
1 0.463976 0.674769 0.111979 0.248843
