9 0.759549 0.477865 0.250434 0.213831
8 0.643989 0.190828 0.256727 0.234086
8 0.355686 0.268229 0.276476 0.275463
1 0.435004 0.570168 0.134766 0.250289
1 0.475152 0.685185 0.11697 0.231481
2 0.294813 0.587095 0.13954 0.246528
2 0.354709 0.666956 0.116102 0.227431
3 0.227865 0.660012 0.118924 0.239005
10 0.581272 0.621094 0.123481 0.2364
11 0.70204 0.641782 0.042535 0.059028
11 0.196723 0.446181 0.045356 0.060185
11 0.174588 0.347946 0.042318 0.060475
11 0.207031 0.166956 0.049045 0.065394
11 0.584527 0.332321 0.050998 0.059317
