7 0.873155 0.361111 0.140842 0.282986
0 0.250326 0.326244 0.149523 0.286748
5 0.744358 0.361834 0.121528 0.242188
5 0.745226 0.548322 0.115451 0.106481
6 0.605794 0.349826 0.137804 0.277778
4 0.455946 0.374566 0.120660 0.064525
4 0.448025 0.495660 0.129123 0.076968
4 0.458333 0.197049 0.135417 0.289352
6 0.623372 0.542679 0.126953 0.109086
4 0.456055 0.429688 0.116536 0.052083
0 0.262044 0.515336 0.138238 0.089120
0 0.256510 0.599971 0.138889 0.083623
4 0.459418 0.618634 0.113281 0.069444
11 0.748155 0.425058 0.044488 0.063657
7 0.886610 0.543547 0.112630 0.139178
4 0.458550 0.557726 0.119792 0.047164
11 0.884115 0.336950 0.046875 0.072049
