7 0.234809 0.395833 0.27691 0.151042
1 0.557726 0.211806 0.22309 0.141059
2 0.718605 0.380208 0.136863 0.115885
7 0.237413 0.54503 0.270544 0.14822
2 0.548756 0.368056 0.245081 0.144531
7 0.268808 0.116536 0.302083 0.148872
4 0.466001 0.784722 0.212095 0.240017
0 0.581597 0.603841 0.233796 0.107422
11 0.432726 0.508681 0.069155 0.050347
3 0.630642 0.49783 0.208623 0.121528
11 0.245949 0.640299 0.068287 0.050998
7 0.269242 0.25803 0.300058 0.144965
0 0.600839 0.702799 0.186632 0.129123
1 0.701244 0.195095 0.133391 0.13151
11 0.508247 0.342448 0.067419 0.049479
11 0.245949 0.270833 0.081019 0.057292
11 0.53125 0.610243 0.063657 0.045139
0 0.58044 0.742188 0.145833 0.171875
