0 0.565972 0.566515 0.241898 0.136502
4 0.618779 0.255642 0.224826 0.124566
2 0.251591 0.640299 0.2011 0.087891
1 0.354311 0.34451 0.227141 0.123047
0 0.727286 0.66428 0.202836 0.088108
6 0.803964 0.380208 0.228877 0.145399
5 0.290654 0.174154 0.242188 0.137804
1 0.266782 0.503906 0.231481 0.125
7 0.519676 0.446072 0.21875 0.118707
6 0.809606 0.52474 0.228588 0.118056
11 0.434028 0.640082 0.045139 0.044922
11 0.273148 0.436523 0.050347 0.042318
8 0.467882 0.770833 0.27662 0.167969
11 0.605613 0.673828 0.045718 0.038194
