0 0.552517 0.674624 0.131944 0.129340
0 0.550781 0.812211 0.133247 0.142940
0 0.564236 0.540509 0.128472 0.130787
4 0.385851 0.179543 0.146267 0.135706
7 0.131727 0.388600 0.191406 0.168403
2 0.391819 0.379340 0.162977 0.146412
7 0.124891 0.236690 0.195095 0.151042
1 0.567600 0.183304 0.127821 0.112558
6 0.694444 0.488426 0.113281 0.116898
4 0.375109 0.061632 0.149089 0.116898
3 0.386936 0.516493 0.155382 0.145833
11 0.409831 0.677228 0.035373 0.048900
5 0.675564 0.375289 0.115451 0.116898
11 0.293294 0.685764 0.038411 0.057292
5 0.551866 0.368779 0.131944 0.121817
