7 0.401693 0.451968 0.148003 0.241319
4 0.893772 0.629919 0.11263 0.198495
7 0.430122 0.672743 0.114583 0.243634
9 0.114583 0.679977 0.208333 0.221644
6 0.688477 0.802373 0.169054 0.243634
7 0.313043 0.715856 0.134332 0.234375
1 0.590061 0.429398 0.110677 0.215278
0 0.789931 0.58695 0.126302 0.217882
9 0.173069 0.468171 0.199002 0.209491
5 0.567057 0.804977 0.113281 0.225694
4 0.887912 0.476418 0.101345 0.091146
4 0.879015 0.399595 0.11263 0.072917
11 0.149414 0.821325 0.047092 0.059896
5 0.542535 0.64945 0.090712 0.183738
11 0.212348 0.824942 0.04145 0.050926
6 0.681858 0.644387 0.111545 0.133102
0 0.740017 0.43967 0.105469 0.176794
