0 0.458442 0.411458 0.162109 0.156829
4 0.65842 0.754051 0.159722 0.132523
1 0.448568 0.797164 0.152344 0.126736
4 0.661133 0.873264 0.146918 0.118634
0 0.475477 0.259549 0.168403 0.161458
6 0.281576 0.48235 0.162977 0.149306
7 0.894097 0.521557 0.158854 0.153067
2 0.656684 0.562645 0.173611 0.134549
0 0.478407 0.103733 0.175998 0.167535
3 0.664497 0.425637 0.165799 0.144097
5 0.471246 0.592303 0.159505 0.140046
5 0.304036 0.610532 0.163194 0.144676
7 0.89388 0.651765 0.153646 0.143808
11 0.772786 0.2568 0.038194 0.054688
11 0.652669 0.259983 0.041016 0.051215
