7 0.184136 0.667245 0.133898 0.244213
7 0.560872 0.639902 0.119141 0.232350
7 0.818359 0.624855 0.112413 0.228877
7 0.688911 0.639323 0.110460 0.225984
7 0.446723 0.646557 0.108290 0.245081
0 0.458116 0.409722 0.088108 0.248264
7 0.311306 0.620660 0.126953 0.240741
4 0.618056 0.395978 0.122396 0.199363
4 0.233181 0.383536 0.103516 0.216146
0 0.326280 0.388600 0.086589 0.230903
11 0.685655 0.478877 0.041884 0.052662
11 0.618056 0.493490 0.045139 0.046586
4 0.535482 0.408131 0.081814 0.237558
11 0.617188 0.566840 0.042101 0.058449
11 0.367405 0.646123 0.044705 0.050926
11 0.465278 0.640625 0.038194 0.055556
0 0.381076 0.390625 0.102431 0.238426
