7 0.756076 0.202257 0.22309 0.190972
7 0.560438 0.191551 0.176432 0.188657
7 0.760634 0.38151 0.226997 0.219618
7 0.762261 0.609664 0.227648 0.229745
5 0.313043 0.341146 0.166016 0.107639
5 0.324436 0.458044 0.188368 0.148148
7 0.549913 0.360243 0.202257 0.173611
6 0.344727 0.119792 0.198134 0.189815
11 0.594401 0.772135 0.047743 0.056424
11 0.387695 0.732928 0.04145 0.058449
7 0.536241 0.541088 0.196181 0.186343
11 0.535807 0.513744 0.053385 0.067998
6 0.323351 0.22338 0.176215 0.133102
11 0.306424 0.485532 0.046875 0.05787
11 0.548177 0.327546 0.040799 0.061343
