4 0.702691 0.68099 0.168692 0.179253
0 0.582755 0.240017 0.158565 0.148438
4 0.574074 0.741102 0.183449 0.144531
5 0.527488 0.556641 0.233218 0.115451
7 0.222656 0.340929 0.199942 0.152344
2 0.199074 0.457357 0.217014 0.113064
6 0.541956 0.456814 0.225116 0.127604
1 0.312355 0.704102 0.227141 0.14171
7 0.771412 0.191081 0.193287 0.159505
7 0.748987 0.366102 0.265914 0.143663
7 0.860098 0.608832 0.203993 0.178602
5 0.394097 0.596788 0.132523 0.119358
11 0.436053 0.311306 0.051505 0.041884
7 0.331453 0.203451 0.22772 0.131293
11 0.760995 0.336806 0.060185 0.041667
7 0.782407 0.495985 0.233218 0.123047
11 0.320023 0.2398 0.056713 0.036024
11 0.295862 0.742405 0.061632 0.038628
11 0.58261 0.686089 0.070891 0.041884
4 0.611545 0.720378 0.139757 0.148655
1 0.191117 0.554905 0.20978 0.137587
0 0.500723 0.282444 0.108507 0.136502
0 0.455729 0.326063 0.177083 0.101345
6 0.403067 0.475369 0.159144 0.106988
