0 0.847367 0.19401 0.23235 0.103299
0 0.829572 0.256727 0.226852 0.094618
0 0.839699 0.359701 0.233218 0.1148
3 0.507957 0.323459 0.213252 0.113932
2 0.504485 0.437391 0.214988 0.110894
1 0.533854 0.554253 0.224537 0.124132
4 0.84158 0.589084 0.242188 0.119141
4 0.818287 0.679905 0.25 0.082031
4 0.782552 0.751411 0.25434 0.094835
4 0.761429 0.801432 0.247396 0.098524
7 0.340712 0.81326 0.250868 0.182943
7 0.251591 0.697157 0.237558 0.169054
5 0.229311 0.349718 0.199942 0.113064
5 0.089844 0.384766 0.094618 0.103299
6 0.135851 0.267144 0.181424 0.108507
