0 0.533095 0.343027 0.115234 0.224826
7 0.395291 0.437355 0.106554 0.209780
7 0.273655 0.410880 0.114583 0.215856
4 0.659288 0.393808 0.135851 0.183449
6 0.813911 0.208767 0.136502 0.260706
7 0.119466 0.398438 0.121311 0.217014
4 0.643446 0.561632 0.109375 0.127315
5 0.897678 0.434028 0.127387 0.199074
5 0.872613 0.593171 0.118490 0.125000
5 0.926649 0.223235 0.141059 0.235243
7 0.376628 0.645110 0.113932 0.159433
8 0.330078 0.183449 0.236111 0.247685
6 0.784939 0.417535 0.120226 0.175926
0 0.535048 0.514178 0.111762 0.128472
11 0.525933 0.642650 0.040582 0.055556
11 0.565538 0.636429 0.036458 0.047164
6 0.769965 0.571759 0.109809 0.151042
