0 0.588542 0.282444 0.171296 0.148655
5 0.439381 0.341905 0.24103 0.1352
7 0.31684 0.201931 0.224537 0.144748
6 0.291956 0.583008 0.222801 0.235026
4 0.6807 0.631727 0.128183 0.172743
11 0.301215 0.392036 0.0625 0.037109
0 0.570023 0.147786 0.132523 0.090278
7 0.792679 0.776801 0.118345 0.200304
7 0.442274 0.833767 0.268808 0.237847
7 0.521123 0.475694 0.195023 0.146267
3 0.719618 0.483615 0.175926 0.08138
6 0.42419 0.552951 0.109375 0.187934
11 0.384259 0.202582 0.056713 0.040582
11 0.637008 0.261068 0.036169 0.032552
11 0.766638 0.552951 0.04022 0.039931
11 0.808738 0.756076 0.046875 0.040799
11 0.425347 0.811089 0.068866 0.058811
4 0.61603 0.673937 0.160301 0.198134
0 0.604311 0.215061 0.149595 0.063368
0 0.652488 0.280707 0.072338 0.092231
2 0.675781 0.416667 0.139757 0.106771
3 0.740596 0.560655 0.149595 0.134766
11 0.49349 0.493056 0.055845 0.042535
