8 0.43316 0.208333 0.294271 0.305556
8 0.717882 0.156829 0.235243 0.237269
9 0.824653 0.457176 0.219618 0.219907
10 0.65842 0.598958 0.118056 0.253472
1 0.512153 0.541667 0.138021 0.275463
1 0.545139 0.667245 0.124132 0.267361
2 0.355903 0.55787 0.146701 0.287037
2 0.415365 0.648727 0.128472 0.271991
3 0.269531 0.640625 0.142361 0.290509
11 0.780816 0.622106 0.041667 0.059028
11 0.667969 0.298611 0.043403 0.060185
11 0.28342 0.081597 0.052083 0.068287
11 0.232639 0.271991 0.046007 0.071759
11 0.253906 0.388889 0.052083 0.071759
