7 0.242622 0.299190 0.182726 0.224537
7 0.722331 0.595341 0.225477 0.305845
6 0.257053 0.555122 0.156467 0.247975
4 0.510851 0.837095 0.102431 0.273727
7 0.771267 0.305411 0.233941 0.278646
6 0.388129 0.679977 0.206814 0.191551
4 0.681207 0.873553 0.241319 0.232639
8 0.447483 0.203125 0.271701 0.342014
11 0.563477 0.479167 0.054905 0.061921
11 0.403754 0.217014 0.047092 0.056713
5 0.192166 0.625723 0.172960 0.258391
5 0.382595 0.521991 0.152778 0.193287
4 0.413628 0.871528 0.103299 0.217014
4 0.598090 0.811632 0.151042 0.270833
11 0.611871 0.763021 0.049696 0.064236
