4 0.2989 0.827148 0.214699 0.136502
0 0.811777 0.775608 0.192419 0.202691
7 0.337674 0.634115 0.188079 0.150174
5 0.457465 0.387912 0.125 0.125217
6 0.334057 0.449219 0.143229 0.105903
9 0.84158 0.498806 0.282697 0.226345
7 0.56713 0.895182 0.270255 0.181424
0 0.680266 0.777778 0.140625 0.15408
9 0.704861 0.351562 0.314815 0.14974
8 0.14974 0.642904 0.188947 0.212457
7 0.632523 0.50944 0.163773 0.13737
7 0.46658 0.530056 0.187211 0.143446
11 0.8818 0.553602 0.062211 0.039497
11 0.552228 0.668294 0.055845 0.044488
0 0.576823 0.667752 0.187211 0.161458
4 0.311198 0.748806 0.224248 0.101345
11 0.269097 0.867188 0.055556 0.043403
11 0.480035 0.524089 0.043403 0.031684
11 0.643519 0.496094 0.056713 0.039062
0 0.638021 0.700846 0.183449 0.168186
6 0.365451 0.402127 0.08912 0.11849
