0 0.529659 0.773112 0.225984 0.119575
2 0.753038 0.647786 0.216725 0.108073
7 0.208912 0.618164 0.267361 0.119141
3 0.778646 0.3227 0.203125 0.173177
7 0.463831 0.595812 0.237269 0.122613
6 0.185185 0.31543 0.255208 0.126953
3 0.738281 0.530273 0.215567 0.113064
1 0.440394 0.474718 0.246528 0.121745
5 0.185764 0.471246 0.244792 0.123047
3 0.424334 0.296115 0.202257 0.157335
1 0.766638 0.751628 0.229456 0.119575
0 0.21441 0.818359 0.119213 0.132812
0 0.294994 0.793728 0.08015 0.133464
0 0.373987 0.781576 0.086516 0.126085
