6 0.790075 0.41059 0.24103 0.161024
6 0.706019 0.28049 0.219329 0.148655
0 0.551939 0.504449 0.24103 0.177734
4 0.504774 0.21875 0.213831 0.117622
1 0.224537 0.483507 0.225694 0.119792
2 0.222656 0.65549 0.230035 0.125217
7 0.46412 0.386502 0.220486 0.128472
1 0.294126 0.322374 0.218461 0.111762
8 0.521701 0.807075 0.350694 0.295573
0 0.783131 0.589735 0.282118 0.138238
5 0.218316 0.208116 0.194734 0.107205
11 0.428385 0.610894 0.050637 0.045139
11 0.221788 0.408854 0.052373 0.038628
11 0.63831 0.620768 0.053241 0.039714
