4 0.594835 0.473814 0.135417 0.262442
6 0.046224 0.564236 0.092014 0.206597
1 0.477865 0.659867 0.11849 0.252025
0 0.74924 0.585359 0.149523 0.280093
2 0.367839 0.659867 0.108507 0.240451
7 0.891385 0.500434 0.16428 0.2989
3 0.262261 0.638455 0.099175 0.234086
5 0.127713 0.541522 0.089627 0.236979
5 0.133789 0.706887 0.090495 0.126157
4 0.610243 0.65162 0.128472 0.095486
4 0.606554 0.729167 0.117622 0.063657
6 0.044271 0.70544 0.083333 0.087384
11 0.472005 0.495804 0.039497 0.056424
0 0.747504 0.754774 0.140408 0.068576
7 0.904514 0.705729 0.152344 0.122106
