4 0.629991 0.286748 0.181424 0.185185
1 0.629015 0.726707 0.16428 0.239873
7 0.33865 0.213108 0.121311 0.231192
6 0.401042 0.432002 0.120226 0.218171
1 0.466254 0.810619 0.115234 0.220197
7 0.449653 0.189091 0.107205 0.253183
5 0.519206 0.604601 0.10612 0.142072
7 0.56901 0.114005 0.152778 0.212963
0 0.229709 0.35952 0.110026 0.127604
0 0.292101 0.487847 0.098524 0.17419
7 0.215061 0.196759 0.105903 0.20081
7 0.291667 0.712384 0.119358 0.183449
4 0.6977 0.455584 0.166667 0.189525
7 0.199761 0.583767 0.090061 0.216146
11 0.619792 0.425926 0.042101 0.060764
11 0.66276 0.756076 0.043837 0.064236
6 0.408637 0.579282 0.111545 0.14294
11 0.313694 0.203125 0.035373 0.048032
11 0.269857 0.504051 0.028863 0.04456
11 0.213759 0.594763 0.02908 0.046007
0 0.255208 0.444589 0.103299 0.114294
4 0.653971 0.416522 0.179036 0.135127
2 0.376411 0.775897 0.087023 0.221933
5 0.488498 0.457899 0.110677 0.225405
