1 0.571615 0.619358 0.124132 0.199942
7 0.737739 0.607205 0.144748 0.206308
1 0.478299 0.603733 0.101128 0.225984
0 0.497287 0.302373 0.163411 0.302662
2 0.291558 0.611545 0.126085 0.224248
3 0.162001 0.597656 0.143012 0.220197
7 0.879449 0.552807 0.13954 0.200521
4 0.327582 0.302662 0.112196 0.261574
4 0.219944 0.285012 0.13737 0.263889
7 0.764214 0.381076 0.191623 0.260995
11 0.128581 0.630208 0.052734 0.051505
2 0.383247 0.622541 0.072917 0.194155
11 0.977756 0.97555 0.044054 0.043692
11 0.375434 0.582755 0.040799 0.060185
4 0.131944 0.23206 0.197917 0.333333
0 0.595486 0.311343 0.100694 0.274306
