0 0.444878 0.441298 0.232928 0.177734
4 0.492188 0.760417 0.225116 0.142795
2 0.742477 0.309028 0.209491 0.116753
6 0.197917 0.534831 0.264468 0.17296
1 0.753328 0.466905 0.208623 0.11697
6 0.272714 0.688043 0.258391 0.181207
0 0.220486 0.345269 0.265046 0.131944
7 0.529803 0.566732 0.225694 0.136068
1 0.702691 0.638563 0.214988 0.123481
8 0.474103 0.16645 0.300637 0.255208
11 0.564381 0.336589 0.045428 0.043837
5 0.782697 0.767253 0.212963 0.123047
11 0.763166 0.540473 0.046586 0.038845
11 0.36386 0.320421 0.049479 0.038411
