7 0.47555 0.446181 0.240451 0.190972
7 0.26577 0.288194 0.298322 0.221354
7 0.700955 0.553602 0.233507 0.164062
7 0.275318 0.583767 0.199942 0.147569
9 0.814815 0.295356 0.363426 0.293837
0 0.22526 0.70128 0.235243 0.122613
11 0.581308 0.293294 0.064236 0.044054
0 0.292535 0.787435 0.204282 0.096571
1 0.840133 0.739149 0.212095 0.125434
10 0.553675 0.75217 0.216146 0.125868
11 0.590712 0.533746 0.055845 0.037977
7 0.171441 0.42003 0.271701 0.193359
0 0.170139 0.748155 0.142361 0.073568
2 0.748264 0.690104 0.153935 0.09375
3 0.843461 0.608615 0.226273 0.131727
