7 0.5625 0.295139 0.282986 0.199653
7 0.327257 0.717556 0.21875 0.140408
7 0.287616 0.258898 0.288773 0.211806
4 0.834491 0.322266 0.236111 0.198351
4 0.78125 0.472765 0.234375 0.088325
5 0.527344 0.59299 0.194155 0.130425
8 0.222367 0.553819 0.348669 0.240451
5 0.617043 0.72602 0.203993 0.124349
11 0.47338 0.444119 0.058449 0.044488
11 0.246528 0.59299 0.051505 0.037977
11 0.714554 0.390082 0.057581 0.041016
4 0.776186 0.397569 0.24103 0.121094
4 0.804688 0.54145 0.184028 0.078125
6 0.646557 0.569227 0.157118 0.14974
6 0.536169 0.682509 0.199653 0.121528
