4 0.221137 0.441696 0.105903 0.182581
5 0.6352 0.484375 0.161892 0.171875
7 0.370009 0.429977 0.144965 0.211227
9 0.520399 0.859809 0.196615 0.239294
0 0.31467 0.812066 0.127604 0.106771
7 0.22526 0.659288 0.077691 0.177373
8 0.346463 0.202257 0.212457 0.308449
6 0.553819 0.360677 0.14974 0.198206
7 0.504557 0.686777 0.152344 0.153646
0 0.363064 0.643229 0.123698 0.151042
9 0.676975 0.745804 0.193359 0.275174
0 0.303602 0.734954 0.096354 0.082176
6 0.609701 0.385272 0.160807 0.139757
11 0.499891 0.701678 0.033203 0.04456
11 0.468316 0.553964 0.031684 0.050637
11 0.186198 0.439236 0.029948 0.043403
7 0.464627 0.53559 0.140191 0.202546
11 0.355686 0.637876 0.030816 0.049479
4 0.260091 0.4307 0.080512 0.17853
0 0.351128 0.712818 0.123264 0.135127
11 0.460938 0.879485 0.029948 0.046007
