7 0.316840 0.219907 0.194878 0.228588
4 0.683919 0.799479 0.177734 0.211227
6 0.446181 0.602865 0.191406 0.168113
7 0.790365 0.329572 0.181424 0.251736
6 0.323459 0.469184 0.142578 0.243924
7 0.734484 0.556858 0.163411 0.258391
8 0.522135 0.177662 0.252604 0.263310
4 0.552409 0.735822 0.093099 0.224537
5 0.446398 0.466291 0.156250 0.167535
11 0.616319 0.448929 0.043837 0.055266
11 0.489041 0.183160 0.031901 0.059028
5 0.256510 0.521991 0.197483 0.248843
4 0.483615 0.785012 0.140408 0.231481
4 0.618815 0.735388 0.117839 0.208623
11 0.641385 0.681713 0.034071 0.057870
