0 0.898438 0.261936 0.203125 0.144097
5 0.45298 0.688477 0.309896 0.146484
6 0.416377 0.572591 0.261574 0.096137
7 0.774884 0.558919 0.279514 0.217665
7 0.597656 0.375868 0.221933 0.15625
7 0.449653 0.254015 0.146991 0.128255
7 0.169705 0.543186 0.262442 0.178385
0 0.724537 0.291016 0.204861 0.146267
11 0.568866 0.183702 0.058449 0.035373
7 0.302373 0.378472 0.225116 0.11849
10 0.607639 0.195312 0.224537 0.117622
6 0.444155 0.49707 0.273727 0.129557
11 0.303096 0.371311 0.055845 0.03559
0 0.81684 0.259874 0.142361 0.14171
