6 0.490451 0.667318 0.263889 0.18533
7 0.5693 0.286024 0.237558 0.123264
7 0.18316 0.678602 0.333912 0.226562
6 0.648148 0.530273 0.207176 0.187283
4 0.79485 0.330187 0.251157 0.127821
8 0.168692 0.458225 0.279514 0.237196
4 0.828704 0.500326 0.246528 0.122613
7 0.349971 0.240126 0.250289 0.123047
11 0.470197 0.36849 0.061343 0.041667
11 0.167824 0.482964 0.074074 0.040582
11 0.705006 0.35395 0.054688 0.032552
4 0.762297 0.379991 0.225405 0.088976
4 0.775174 0.4273 0.244792 0.06901
5 0.489439 0.528429 0.19647 0.15191
5 0.565394 0.755208 0.304977 0.25651
