7 0.155237 0.568902 0.244502 0.14822
7 0.363715 0.757921 0.234375 0.154731
7 0.524306 0.502387 0.232639 0.137587
7 0.709925 0.185113 0.23235 0.146701
7 0.727865 0.085938 0.220775 0.126302
6 0.147569 0.224826 0.209491 0.173611
5 0.229456 0.34451 0.231481 0.155599
5 0.572193 0.38303 0.216725 0.105469
5 0.424624 0.623589 0.248553 0.157335
5 0.48235 0.867839 0.228588 0.125
2 0.568287 0.741102 0.216435 0.191406
1 0.768808 0.665473 0.228588 0.122613
3 0.786748 0.424479 0.224537 0.119792
4 0.710359 0.535265 0.235532 0.149523
4 0.812211 0.310113 0.161458 0.160156
4 0.501881 0.200087 0.201678 0.113715
4 0.380208 0.20497 0.173611 0.163845
0 0.584635 0.266276 0.181424 0.15191
0 0.403067 0.388563 0.219329 0.118273
0 0.329282 0.486328 0.143519 0.165365
