1 0.604745 0.227865 0.256944 0.16276
7 0.224248 0.459201 0.333912 0.152778
7 0.27011 0.125109 0.364294 0.195964
2 0.7432 0.407227 0.14265 0.121311
3 0.625289 0.531576 0.222222 0.113932
2 0.565828 0.40701 0.245081 0.166016
4 0.424045 0.784614 0.195891 0.166884
0 0.560185 0.62576 0.211227 0.090929
11 0.24349 0.320964 0.081308 0.061198
7 0.22309 0.602973 0.296875 0.138672
11 0.227865 0.689996 0.07147 0.042752
11 0.424913 0.55957 0.065104 0.051432
0 0.565972 0.709852 0.162037 0.096354
7 0.274016 0.295464 0.361111 0.147352
1 0.774306 0.196615 0.15625 0.157986
11 0.52662 0.387478 0.063657 0.054905
11 0.508391 0.64388 0.056713 0.045139
0 0.540509 0.749891 0.123843 0.120009
