0 0.724826 0.864005 0.194878 0.210648
7 0.602431 0.561632 0.195312 0.242477
6 0.449761 0.446759 0.149957 0.265625
5 0.26964 0.508825 0.138672 0.300637
7 0.409722 0.762876 0.196615 0.221354
7 0.774089 0.346644 0.191406 0.228588
7 0.598958 0.236979 0.176215 0.280671
7 0.388997 0.1739 0.206814 0.236111
11 0.863281 0.47309 0.038628 0.055556
11 0.593099 0.236256 0.045573 0.069155
10 0.860135 0.50217 0.19987 0.247975
0 0.734592 0.772569 0.182726 0.129051
0 0.700955 0.672743 0.191406 0.165509
6 0.359049 0.456308 0.086155 0.243056
