4 0.157227 0.778935 0.178602 0.135417
4 0.15842 0.70081 0.171007 0.111111
4 0.162326 0.607784 0.173611 0.190683
0 0.172743 0.370081 0.171875 0.141204
0 0.182509 0.277344 0.166667 0.192419
11 0.604818 0.195747 0.049479 0.061632
11 0.674045 0.358796 0.049479 0.065972
7 0.703559 0.780671 0.176215 0.164352
7 0.52691 0.780093 0.178819 0.167824
7 0.34809 0.764468 0.177083 0.159722
7 0.347656 0.590278 0.177951 0.16088
7 0.528646 0.620949 0.171875 0.173611
7 0.702691 0.628472 0.174479 0.172454
7 0.723524 0.475694 0.174479 0.186343
7 0.539931 0.460069 0.173611 0.185185
7 0.358073 0.41956 0.174479 0.19213
7 0.380642 0.256366 0.179688 0.185185
7 0.560764 0.300347 0.166667 0.196759
7 0.761719 0.247106 0.18316 0.175926
