7 0.195168 0.700304 0.239294 0.123698
7 0.117911 0.519206 0.234086 0.167752
2 0.360822 0.715169 0.243056 0.132161
1 0.564236 0.638238 0.267361 0.161024
3 0.562934 0.501736 0.263021 0.139323
5 0.302951 0.429145 0.256944 0.17296
5 0.157407 0.3074 0.225116 0.130859
6 0.164352 0.17003 0.219907 0.120443
0 0.39728 0.248589 0.231481 0.198568
0 0.539207 0.229492 0.212095 0.19987
0 0.590567 0.370226 0.270833 0.163194
4 0.817274 0.206163 0.269965 0.145399
4 0.781684 0.482747 0.281539 0.155165
4 0.800926 0.629991 0.216435 0.209201
4 0.589699 0.854167 0.260417 0.21441
