7 0.742188 0.607964 0.175926 0.191623
0 0.814236 0.326714 0.153356 0.168186
7 0.567708 0.427083 0.228588 0.179253
7 0.367188 0.242188 0.222222 0.194444
7 0.251013 0.41276 0.290799 0.179253
5 0.523727 0.756619 0.260995 0.156467
6 0.469184 0.649957 0.249132 0.107205
7 0.178241 0.642253 0.267361 0.223307
11 0.497396 0.162543 0.067708 0.053385
0 0.729745 0.309462 0.116898 0.161892
0 0.64294 0.332031 0.129051 0.155816
6 0.460503 0.562174 0.252025 0.138672
11 0.26577 0.409831 0.065104 0.04796
10 0.511719 0.165799 0.217882 0.184462
