1 0.395255 0.772135 0.256944 0.16276
7 0.775752 0.540799 0.333912 0.152778
7 0.72989 0.874891 0.364294 0.195964
2 0.2568 0.592773 0.14265 0.121311
3 0.374711 0.468424 0.222222 0.113932
2 0.434172 0.59299 0.245081 0.166016
4 0.575955 0.215386 0.195891 0.166884
0 0.439815 0.37424 0.211227 0.090929
11 0.75651 0.679036 0.081308 0.061198
7 0.77691 0.397027 0.296875 0.138672
11 0.772135 0.310004 0.07147 0.042752
11 0.575087 0.44043 0.065104 0.051432
0 0.434028 0.290148 0.162037 0.096354
7 0.725984 0.704536 0.361111 0.147352
1 0.225694 0.803385 0.15625 0.157986
11 0.47338 0.612522 0.063657 0.054905
11 0.491609 0.35612 0.056713 0.045139
0 0.459491 0.250109 0.123843 0.120009
