7 0.832899 0.790509 0.198785 0.345486
7 0.852539 0.478154 0.187283 0.30816
5 0.36122 0.360098 0.123915 0.16059
7 0.700087 0.444155 0.150174 0.282407
6 0.545464 0.410735 0.150825 0.267072
7 0.849609 0.225839 0.151476 0.241609
5 0.383464 0.542245 0.135851 0.290509
7 0.698459 0.205729 0.146484 0.240741
11 0.655707 0.714988 0.055339 0.07581
11 0.529405 0.429398 0.054036 0.070602
11 0.664605 0.218461 0.046224 0.070023
7 0.651476 0.720775 0.146701 0.435185
6 0.521484 0.247251 0.118056 0.135706
11 0.906033 0.484375 0.062934 0.078125
11 0.419271 0.564236 0.048611 0.074074
11 0.424045 0.31713 0.046007 0.072917
5 0.392795 0.244213 0.110243 0.121528
