7 0.830729 0.33941 0.296296 0.155816
7 0.838252 0.535373 0.270833 0.117622
2 0.599248 0.40549 0.280671 0.140842
1 0.560764 0.533095 0.277199 0.142144
3 0.496383 0.712565 0.235822 0.107856
5 0.741464 0.617296 0.263021 0.114366
5 0.748843 0.744249 0.253472 0.11046
6 0.665943 0.837891 0.240451 0.105903
4 0.31467 0.656467 0.24103 0.107205
4 0.285301 0.525282 0.278935 0.156467
4 0.112703 0.76454 0.213831 0.140625
0 0.319589 0.774089 0.240451 0.109809
0 0.321759 0.876736 0.253472 0.117622
0 0.151331 0.664714 0.23669 0.128906
4 0.351128 0.233832 0.312211 0.203776
