4 0.678675 0.783095 0.180845 0.162977
0 0.472367 0.298937 0.198206 0.201172
7 0.684028 0.222331 0.269097 0.235026
7 0.751013 0.601345 0.262442 0.132378
6 0.48423 0.554688 0.19647 0.140625
7 0.687789 0.447483 0.261574 0.179253
2 0.189815 0.554253 0.163773 0.100694
7 0.842882 0.730252 0.228588 0.157118
5 0.387153 0.68099 0.14294 0.104601
11 0.342737 0.396918 0.05353 0.042969
1 0.33912 0.773003 0.179977 0.124566
11 0.688513 0.415907 0.061632 0.048394
11 0.21875 0.325846 0.050926 0.038845
0 0.396557 0.42947 0.190104 0.078125
2 0.172598 0.439345 0.175058 0.139106
11 0.331597 0.8023 0.052662 0.036458
0 0.409578 0.355252 0.182002 0.140191
1 0.207465 0.635308 0.154514 0.113064
5 0.4932 0.655707 0.199942 0.106554
6 0.358218 0.567925 0.144676 0.097656
4 0.555266 0.840169 0.167824 0.115668
4 0.583478 0.801432 0.132812 0.134115
11 0.557002 0.785699 0.052662 0.035373
7 0.226997 0.286133 0.182002 0.182943
