6 0.556568 0.544813 0.195891 0.13954
0 0.529369 0.789714 0.172743 0.170139
7 0.340133 0.864366 0.246817 0.182726
4 0.388455 0.296115 0.17853 0.193793
5 0.561053 0.43674 0.20544 0.123915
7 0.298611 0.513346 0.28125 0.135634
2 0.83941 0.523872 0.152199 0.103733
7 0.831163 0.642687 0.151331 0.143446
1 0.740741 0.286133 0.170139 0.130425
7 0.748987 0.78049 0.168113 0.157769
7 0.20978 0.374457 0.248264 0.193793
7 0.346788 0.663194 0.263021 0.163194
0 0.623119 0.674479 0.179109 0.095052
4 0.519531 0.225694 0.175058 0.150174
11 0.344329 0.699653 0.0625 0.050347
11 0.759983 0.248155 0.047743 0.039714
11 0.512008 0.298828 0.051794 0.032552
11 0.664641 0.69553 0.048032 0.03342
11 0.75897 0.753689 0.045718 0.032552
1 0.846209 0.439128 0.153067 0.129991
5 0.686921 0.401693 0.109954 0.116753
6 0.685619 0.517904 0.136285 0.104818
4 0.491898 0.277669 0.135995 0.165582
0 0.596499 0.737739 0.153067 0.124783
