6 0.361979 0.365162 0.124566 0.231481
7 0.569553 0.808738 0.118707 0.230324
4 0.67589 0.319444 0.124783 0.234954
9 0.138455 0.485677 0.24783 0.22309
7 0.802951 0.795573 0.125434 0.222512
4 0.663411 0.487558 0.117622 0.086227
0 0.800022 0.513889 0.115668 0.092014
0 0.80306 0.344184 0.121745 0.249711
7 0.456814 0.829572 0.113281 0.218171
7 0.683268 0.821759 0.116102 0.219329
5 0.52105 0.312355 0.136285 0.241609
0 0.801758 0.587384 0.117405 0.056134
7 0.343099 0.81684 0.115017 0.222801
4 0.675456 0.585938 0.117839 0.103009
11 0.319336 0.578704 0.047092 0.056713
11 0.3699 0.542535 0.041016 0.049769
8 0.141819 0.75 0.234158 0.196759
