0 0.755208 0.737124 0.157118 0.256076
0 0.823785 0.533999 0.169705 0.238137
1 0.627604 0.504485 0.12717 0.24103
2 0.512153 0.519676 0.115885 0.22338
7 0.468207 0.773727 0.11697 0.244792
2 0.387912 0.50651 0.129123 0.222512
5 0.247613 0.475405 0.118924 0.221065
0 0.864041 0.351852 0.207682 0.21875
2 0.557075 0.293258 0.112413 0.20515
3 0.434679 0.284722 0.106337 0.203704
1 0.667101 0.265914 0.127604 0.206019
0 0.621419 0.773003 0.138238 0.235822
6 0.12934 0.467882 0.125434 0.219329
11 0.379123 0.696904 0.041667 0.054109
9 0.22526 0.224392 0.207031 0.198785
11 0.303819 0.676505 0.045139 0.056134
