7 0.441189 0.49537 0.137153 0.239583
7 0.360569 0.222222 0.142144 0.239005
7 0.596571 0.505642 0.125 0.234086
5 0.711372 0.75897 0.145399 0.215856
6 0.533312 0.824219 0.201606 0.270544
7 0.721246 0.46658 0.123915 0.217882
7 0.828234 0.563079 0.107856 0.212963
0 0.675456 0.222512 0.131727 0.208912
1 0.275174 0.451823 0.123698 0.239294
1 0.843316 0.310475 0.126302 0.190394
0 0.530382 0.174334 0.115885 0.206887
11 0.360569 0.644531 0.04362 0.05816
11 0.281359 0.637297 0.043186 0.052373
3 0.413737 0.73886 0.170356 0.239873
