1 0.679398 0.44401 0.228009 0.14974
0 0.357494 0.470269 0.278067 0.106771
0 0.370515 0.564996 0.256655 0.118273
2 0.699797 0.718424 0.22772 0.122613
7 0.399884 0.291233 0.251157 0.21441
7 0.644676 0.276801 0.236111 0.122613
4 0.395255 0.793077 0.226852 0.099609
7 0.559317 0.133898 0.251736 0.132812
2 0.699942 0.63151 0.225116 0.075087
3 0.697627 0.826389 0.233796 0.122396
4 0.397135 0.71224 0.231771 0.075521
11 0.655382 0.651476 0.059028 0.046007
11 0.729745 0.859701 0.060185 0.044488
4 0.366319 0.865668 0.277778 0.153646
1 0.674769 0.536024 0.248843 0.111979
