4 0.709201 0.780671 0.394097 0.395833
4 0.482205 0.736111 0.065104 0.309028
4 0.404514 0.747685 0.081597 0.28588
4 0.335938 0.703125 0.060764 0.287037
4 0.275608 0.700231 0.054688 0.274306
4 0.207465 0.704282 0.078125 0.259259
4 0.133247 0.714699 0.068576 0.247685
4 0.072917 0.706019 0.046875 0.239583
0 0.777778 0.311343 0.423611 0.34375
0 0.518229 0.318287 0.107639 0.297454
0 0.426649 0.3125 0.068576 0.28588
0 0.361111 0.35706 0.086806 0.282407
0 0.276476 0.377315 0.101562 0.262731
0 0.203559 0.380787 0.080729 0.253472
0 0.135851 0.390625 0.080729 0.240741
0 0.074219 0.385995 0.070312 0.236111
