0 0.818359 0.846499 0.111111 0.213831
0 0.746419 0.828993 0.101345 0.210648
0 0.647786 0.845197 0.119792 0.202546
3 0.666884 0.530816 0.125 0.213831
2 0.552083 0.547164 0.111111 0.207755
1 0.449436 0.591001 0.113715 0.211516
4 0.444878 0.85489 0.09809 0.193576
4 0.379123 0.840422 0.059896 0.192998
4 0.323459 0.811921 0.070964 0.20081
4 0.268663 0.79485 0.066406 0.194444
7 0.230143 0.470775 0.143446 0.206019
7 0.309462 0.368345 0.145399 0.209491
5 0.620117 0.257812 0.128689 0.219907
5 0.57704 0.120515 0.109809 0.126447
6 0.708984 0.129774 0.128906 0.227141
