1 0.604601 0.856662 0.213831 0.186849
4 0.168113 0.451714 0.267361 0.171224
5 0.516059 0.497938 0.235243 0.136502
0 0.271557 0.217556 0.238137 0.182075
6 0.577691 0.328451 0.231771 0.185113
3 0.512153 0.695095 0.242477 0.134549
2 0.735243 0.258898 0.197338 0.157552
11 0.199653 0.200304 0.066551 0.042969
3 0.760127 0.547418 0.243634 0.194227
11 0.813947 0.189562 0.070602 0.058377
11 0.737558 0.574978 0.060764 0.042752
7 0.752749 0.880859 0.22309 0.186198
2 0.504196 0.804036 0.190683 0.128472
11 0.461661 0.667101 0.065104 0.038628
11 0.571036 0.518338 0.054109 0.040148
11 0.577546 0.291016 0.052662 0.035156
3 0.819155 0.210503 0.218171 0.190538
6 0.479311 0.366319 0.153067 0.131944
4 0.220775 0.518989 0.207176 0.113064
11 0.744213 0.929145 0.04456 0.038845
