7 0.363824 0.250868 0.191189 0.354167
7 0.191732 0.289497 0.165148 0.354456
7 0.57997 0.213542 0.207248 0.39294
7 0.22819 0.57581 0.156901 0.253472
7 0.379557 0.576678 0.14974 0.273148
7 0.548286 0.568721 0.162109 0.296007
6 0.227865 0.865017 0.147569 0.226562
11 0.727431 0.753906 0.055556 0.073206
5 0.411892 0.883391 0.104167 0.222222
11 0.748372 0.458189 0.0523 0.069734
11 0.523003 0.580584 0.056424 0.083623
11 0.529514 0.885417 0.045139 0.063657
5 0.500868 0.858218 0.151042 0.229167
6 0.315538 0.881944 0.073785 0.21875
11 0.348958 0.590856 0.052083 0.071759
