7 0.670139 0.459201 0.224537 0.193576
0 0.210938 0.646918 0.189815 0.165365
7 0.264178 0.50434 0.167824 0.175347
2 0.796441 0.637695 0.261285 0.117405
7 0.445023 0.355252 0.212963 0.18099
7 0.296152 0.241319 0.198785 0.15191
7 0.215133 0.354818 0.187211 0.171441
9 0.725984 0.192925 0.329282 0.261719
11 0.548756 0.430556 0.057002 0.042969
10 0.533999 0.727865 0.237558 0.193142
11 0.517506 0.20855 0.050637 0.036892
0 0.251013 0.772786 0.194155 0.156684
0 0.155093 0.70855 0.116898 0.104601
1 0.869647 0.718316 0.243924 0.215278
3 0.845486 0.525282 0.261574 0.17513
