0 0.411458 0.541558 0.156829 0.162109
4 0.754051 0.34158 0.132523 0.159722
1 0.797164 0.551432 0.126736 0.152344
4 0.873264 0.338867 0.118634 0.146918
0 0.259549 0.524523 0.161458 0.168403
6 0.48235 0.718424 0.149306 0.162977
7 0.521557 0.105903 0.153067 0.158854
2 0.562645 0.343316 0.134549 0.173611
0 0.103733 0.521593 0.167535 0.175998
3 0.425637 0.335503 0.144097 0.165799
5 0.592303 0.528754 0.140046 0.159505
5 0.610532 0.695964 0.144676 0.163194
7 0.651765 0.10612 0.143808 0.153646
11 0.2568 0.227214 0.054688 0.038194
11 0.259983 0.347331 0.051215 0.041016
