4 0.543981 0.712999 0.179977 0.173394
4 0.574797 0.565755 0.216146 0.145399
0 0.320023 0.209852 0.259838 0.150608
7 0.576534 0.249457 0.213831 0.146918
7 0.109664 0.378147 0.216435 0.171224
8 0.750868 0.686523 0.22338 0.221571
6 0.235677 0.608181 0.269387 0.184245
5 0.659288 0.464518 0.194734 0.113498
0 0.323351 0.347548 0.247396 0.171658
2 0.51577 0.422092 0.2011 0.138455
5 0.709201 0.399414 0.204861 0.157335
4 0.443432 0.562283 0.136285 0.130208
4 0.42636 0.675781 0.182002 0.107639
11 0.434317 0.671658 0.048032 0.043403
11 0.539786 0.416667 0.049479 0.036024
11 0.573061 0.280924 0.048322 0.037977
11 0.325955 0.365126 0.050637 0.036241
0 0.239728 0.263889 0.136285 0.097656
5 0.21195 0.490777 0.208623 0.144748
