6 0.163484 0.200629 0.222222 0.160373
7 0.503617 0.526042 0.268808 0.153646
7 0.833189 0.557509 0.319155 0.182292
7 0.807002 0.352865 0.357639 0.192708
7 0.467882 0.210069 0.269676 0.170139
7 0.77445 0.176324 0.354456 0.173828
5 0.176071 0.391168 0.231771 0.107422
7 0.480469 0.368924 0.278646 0.142795
11 0.621528 0.704102 0.068287 0.042752
11 0.344329 0.684787 0.061343 0.053602
11 0.471644 0.337891 0.074074 0.048611
11 0.194734 0.507812 0.0625 0.045139
5 0.212963 0.477648 0.244213 0.142361
6 0.16522 0.294813 0.216435 0.072266
11 0.495949 0.502604 0.071759 0.053819
