4 0.405165 0.526186 0.135417 0.262442
6 0.953776 0.435764 0.092014 0.206597
1 0.522135 0.340133 0.11849 0.252025
0 0.25076 0.414641 0.149523 0.280093
2 0.632161 0.340133 0.108507 0.240451
7 0.108615 0.499566 0.16428 0.2989
3 0.737739 0.361545 0.099175 0.234086
5 0.872287 0.458478 0.089627 0.236979
5 0.866211 0.293113 0.090495 0.126157
4 0.389757 0.34838 0.128472 0.095486
4 0.393446 0.270833 0.117622 0.063657
6 0.955729 0.29456 0.083333 0.087384
11 0.527995 0.504196 0.039497 0.056424
0 0.252496 0.245226 0.140408 0.068576
7 0.095486 0.294271 0.152344 0.122106
