9 0.493345 0.16428 0.212963 0.198351
7 0.268084 0.373481 0.2364 0.111545
1 0.553819 0.572917 0.222222 0.104601
4 0.358941 0.881836 0.217882 0.101345
9 0.292679 0.160916 0.213252 0.209418
4 0.596209 0.871419 0.077257 0.098307
4 0.511429 0.878147 0.083623 0.103082
5 0.183594 0.4949 0.226562 0.100911
6 0.357784 0.603733 0.144387 0.118056
0 0.442274 0.748372 0.204572 0.113932
7 0.42173 0.36773 0.091725 0.106988
6 0.180411 0.601345 0.218461 0.115017
7 0.519387 0.364149 0.088542 0.102431
5 0.360388 0.498155 0.143229 0.098307
11 0.137442 0.200955 0.053241 0.044705
0 0.583767 0.728733 0.092882 0.102865
11 0.139323 0.137587 0.058738 0.050347
