7 0.429688 0.328885 0.251736 0.138672
7 0.527488 0.200195 0.240162 0.133898
5 0.746528 0.333225 0.252894 0.174262
6 0.811777 0.528429 0.278646 0.171875
7 0.48886 0.61122 0.220775 0.122613
7 0.244792 0.68826 0.212384 0.123481
1 0.240162 0.181749 0.237847 0.149523
1 0.466146 0.75803 0.203704 0.108073
7 0.481047 0.459418 0.231192 0.11849
3 0.716869 0.64388 0.252604 0.145833
0 0.180122 0.376302 0.216725 0.151042
0 0.166522 0.534505 0.184896 0.108073
11 0.628328 0.75944 0.052951 0.037543
11 0.632812 0.690647 0.047454 0.039714
