5 0.518808 0.508681 0.234375 0.132378
1 0.419416 0.159071 0.228299 0.173177
3 0.503328 0.316081 0.209201 0.138672
4 0.81901 0.544596 0.19647 0.157335
0 0.735677 0.754232 0.202836 0.157769
3 0.27445 0.455295 0.245081 0.203559
2 0.295573 0.755859 0.247396 0.173611
6 0.45515 0.674262 0.234375 0.174045
11 0.234809 0.835069 0.07147 0.050781
11 0.473669 0.707248 0.053819 0.041667
11 0.304253 0.426432 0.057581 0.041667
11 0.278646 0.063477 0.056134 0.042752
11 0.469329 0.485352 0.059028 0.049262
11 0.798756 0.763238 0.057581 0.042969
3 0.211227 0.817166 0.248264 0.201606
6 0.542245 0.625 0.172454 0.121094
4 0.764612 0.494358 0.154225 0.131076
11 0.563802 0.341905 0.051794 0.036241
2 0.502459 0.212565 0.208623 0.115668
7 0.25651 0.108615 0.225405 0.186415
