7 0.619068 0.235135 0.213252 0.103082
7 0.593461 0.348307 0.226852 0.102431
0 0.68967 0.485786 0.225405 0.130425
5 0.59809 0.898438 0.214699 0.123698
4 0.640914 0.610243 0.238426 0.118924
7 0.631366 0.101237 0.20544 0.103082
7 0.371383 0.335829 0.198785 0.097005
5 0.849103 0.910916 0.266493 0.144314
6 0.843027 0.773872 0.266493 0.151476
8 0.851707 0.28559 0.203993 0.229167
5 0.410012 0.87207 0.148727 0.138238
4 0.454572 0.609484 0.144097 0.119575
0 0.50897 0.490885 0.136574 0.114583
11 0.375145 0.528212 0.051794 0.03559
6 0.434606 0.747396 0.173611 0.12283
6 0.619936 0.760851 0.190683 0.12283
11 0.368924 0.486111 0.056134 0.040799
