9 0.546332 0.167101 0.264106 0.333623
2 0.300673 0.638166 0.145182 0.220197
7 0.300998 0.331019 0.191406 0.300926
7 0.281359 0.853154 0.185981 0.196470
5 0.566732 0.640191 0.147352 0.168692
7 0.507378 0.852286 0.161892 0.202257
7 0.133355 0.589988 0.235460 0.273148
7 0.721680 0.558738 0.115668 0.224537
0 0.450087 0.478443 0.138021 0.241609
7 0.742405 0.331019 0.123698 0.232639
7 0.685221 0.737269 0.117839 0.157407
7 0.637478 0.380498 0.127387 0.244792
10 0.800130 0.655671 0.112413 0.179977
11 0.361979 0.982928 0.038628 0.034144
