4 0.223958 0.21224 0.115741 0.188368
4 0.295139 0.200955 0.105324 0.169271
4 0.380208 0.200521 0.185185 0.177083
0 0.621528 0.177517 0.15162 0.186632
0 0.729745 0.171875 0.25 0.206597
11 0.867477 0.66059 0.087963 0.0625
7 0.210069 0.773003 0.150463 0.202257
7 0.208333 0.577257 0.15162 0.189236
7 0.230324 0.399306 0.149306 0.180556
7 0.397569 0.387587 0.155093 0.195312
7 0.369792 0.582031 0.168981 0.19184
7 0.36169 0.77908 0.175926 0.195312
7 0.529514 0.813802 0.206019 0.217882
7 0.546875 0.590712 0.196759 0.202257
7 0.583333 0.384549 0.21412 0.206597
7 0.726852 0.616753 0.22338 0.221354
7 0.768519 0.39974 0.211806 0.210938
7 0.798611 0.866753 0.21412 0.240451
11 0.656829 0.747396 0.064815 0.045139
