7 0.481192 0.746094 0.310764 0.116319
7 0.654514 0.855577 0.25463 0.095703
5 0.722946 0.373264 0.186632 0.184028
11 0.415075 0.473633 0.082465 0.061849
7 0.14974 0.825955 0.299479 0.122396
6 0.578125 0.606988 0.333912 0.170573
7 0.415509 0.85026 0.304977 0.106337
11 0.736979 0.484918 0.08044 0.055339
7 0.212818 0.701063 0.356771 0.132595
5 0.457176 0.406576 0.374421 0.175998
11 0.401331 0.888455 0.070602 0.045573
11 0.206887 0.721897 0.078125 0.054036
11 0.546296 0.607964 0.070602 0.057509
7 0.728443 0.746745 0.249132 0.093316
5 0.864583 0.43099 0.22338 0.158854
6 0.771991 0.58724 0.193287 0.136285
11 0.721065 0.736979 0.065972 0.046875
