7 0.564815 0.334093 0.244213 0.138672
7 0.820891 0.591037 0.215278 0.161675
7 0.757378 0.797418 0.207465 0.167318
7 0.282118 0.759006 0.248264 0.169488
0 0.437934 0.633681 0.242766 0.131944
7 0.3614 0.432943 0.245949 0.15625
7 0.481047 0.905056 0.212095 0.181641
9 0.146267 0.534397 0.292535 0.251519
5 0.605324 0.524089 0.198495 0.151042
7 0.749566 0.370985 0.202836 0.137804
7 0.320457 0.309787 0.244502 0.149089
2 0.56033 0.770399 0.236979 0.146267
10 0.696325 0.220378 0.210359 0.147786
11 0.92853 0.724392 0.054977 0.036458
