6 0.516927 0.890625 0.240451 0.155382
4 0.446759 0.277127 0.210069 0.125868
5 0.490885 0.761827 0.240451 0.125217
2 0.608073 0.484375 0.23235 0.119792
1 0.600984 0.378147 0.210069 0.105686
7 0.471354 0.084961 0.194444 0.087457
3 0.596065 0.594727 0.229167 0.114366
4 0.592593 0.272895 0.076968 0.098307
6 0.6943 0.901801 0.100405 0.129557
0 0.540799 0.174696 0.200231 0.097656
5 0.684172 0.760634 0.130498 0.12717
4 0.651186 0.274957 0.050637 0.088976
0 0.659722 0.177409 0.059606 0.098307
11 0.458623 0.377387 0.051505 0.035156
7 0.616753 0.085395 0.090567 0.079644
