0 0.441949 0.478443 0.121311 0.253183
1 0.447483 0.194734 0.130642 0.179398
7 0.268663 0.189381 0.156250 0.198206
1 0.541016 0.216725 0.101128 0.191551
7 0.103516 0.225550 0.163628 0.185475
7 0.242622 0.392940 0.223524 0.248264
2 0.723958 0.228733 0.115017 0.183160
4 0.809136 0.499132 0.117405 0.244213
4 0.715169 0.487269 0.085286 0.233796
2 0.635634 0.215278 0.071615 0.179398
3 0.833767 0.253183 0.132378 0.179398
0 0.541233 0.480903 0.151910 0.273148
4 0.892795 0.556134 0.167535 0.268519
11 0.863715 0.224537 0.041667 0.056713
11 0.646701 0.237847 0.039931 0.055556
