4 0.655165 0.369068 0.12717 0.218461
0 0.777995 0.456019 0.11849 0.243634
2 0.440864 0.541667 0.106554 0.219907
6 0.11122 0.432436 0.102214 0.203414
1 0.545681 0.541233 0.11046 0.219618
7 0.870551 0.241464 0.136502 0.253762
0 0.773763 0.610388 0.111328 0.086516
7 0.896484 0.522714 0.123698 0.239294
4 0.659939 0.520255 0.102865 0.081597
3 0.340603 0.519531 0.099609 0.216146
5 0.204427 0.418692 0.09592 0.221644
4 0.657769 0.594473 0.103299 0.075521
5 0.205512 0.579572 0.096354 0.119213
6 0.106988 0.574508 0.090712 0.08015
11 0.546441 0.399306 0.036458 0.048032
