0 0.210069 0.604167 0.206597 0.184028
0 0.338542 0.585648 0.072917 0.163194
0 0.397569 0.565394 0.067708 0.162037
0 0.451389 0.549190 0.074653 0.155093
0 0.507812 0.529514 0.060764 0.164352
0 0.560764 0.537616 0.074653 0.155093
0 0.618490 0.536458 0.052951 0.148148
0 0.665799 0.524884 0.052083 0.141204
4 0.228733 0.346644 0.212674 0.185185
4 0.347656 0.309606 0.072049 0.168981
4 0.400608 0.321759 0.063368 0.165509
4 0.451389 0.329861 0.053819 0.163194
4 0.503038 0.307870 0.056424 0.158565
4 0.558160 0.306134 0.062500 0.152778
4 0.617188 0.316551 0.055556 0.152778
4 0.679688 0.308449 0.072917 0.155093
10 0.656684 0.107639 0.165799 0.165509
11 0.456597 0.706597 0.039931 0.053241
11 0.505208 0.675347 0.038194 0.053241
