8 0.680990 0.762153 0.251736 0.271991
8 0.379774 0.866319 0.305556 0.262731
9 0.240017 0.539931 0.312500 0.262731
10 0.456597 0.383681 0.132812 0.269676
1 0.610243 0.455440 0.138021 0.253472
1 0.569878 0.325231 0.121528 0.243056
2 0.743924 0.446181 0.125868 0.248843
2 0.685764 0.353009 0.108507 0.233796
3 0.801649 0.376736 0.107639 0.248843
11 0.315972 0.344907 0.047743 0.062500
11 0.456597 0.705440 0.051215 0.065972
11 0.831597 0.588542 0.040799 0.056713
11 0.854167 0.686343 0.039062 0.062500
11 0.830295 0.863426 0.039931 0.060185
