6 0.416522 0.405382 0.230035 0.111979
0 0.798466 0.208225 0.285012 0.156467
2 0.213542 0.694661 0.23206 0.128906
4 0.828848 0.365343 0.246238 0.127387
7 0.497541 0.271918 0.239294 0.130642
5 0.665943 0.522352 0.264757 0.119358
4 0.826244 0.761719 0.249132 0.125868
5 0.399884 0.527669 0.241319 0.116536
11 0.177807 0.39388 0.054109 0.037326
10 0.519242 0.672635 0.22309 0.132161
5 0.349103 0.832791 0.253762 0.123481
7 0.228588 0.274523 0.225694 0.121528
11 0.754196 0.636393 0.063947 0.043186
3 0.144242 0.546115 0.233507 0.166884
