2 0.492911 0.544271 0.225405 0.115017
1 0.492332 0.430122 0.231771 0.114149
4 0.332176 0.320964 0.201968 0.126736
0 0.428096 0.187283 0.228299 0.119792
6 0.39294 0.909614 0.219907 0.136936
5 0.375 0.799805 0.219907 0.116102
5 0.544705 0.818251 0.134549 0.11697
3 0.476418 0.657878 0.223669 0.11697
7 0.363137 0.079319 0.228588 0.136936
6 0.545718 0.936632 0.094329 0.114149
4 0.483073 0.305339 0.080729 0.105903
0 0.568142 0.184462 0.058738 0.121962
4 0.550058 0.310764 0.061921 0.105035
11 0.341291 0.432726 0.046007 0.044705
7 0.521412 0.066623 0.096644 0.123264
