1 0.532697 0.451931 0.244213 0.179036
0 0.874421 0.449327 0.250579 0.153863
7 0.323061 0.431532 0.2364 0.174262
7 0.667824 0.764431 0.217014 0.134766
7 0.445023 0.244032 0.273727 0.190755
7 0.704572 0.301866 0.258102 0.19184
3 0.570023 0.608398 0.250579 0.130425
0 0.857494 0.642036 0.11603 0.148655
9 0.205729 0.856228 0.269676 0.165148
8 0.15162 0.310872 0.303241 0.264974
10 0.280237 0.638238 0.228299 0.135851
11 0.291522 0.785807 0.05353 0.039062
11 0.762008 0.641385 0.077257 0.057509
11 0.603009 0.6199 0.060764 0.04362
0 0.773293 0.654405 0.190683 0.152127
0 0.929253 0.617405 0.136285 0.175347
2 0.628617 0.52474 0.159433 0.116753
