1 0.858398 0.594763 0.232422 0.254919
6 0.272569 0.478733 0.173611 0.186053
2 0.185872 0.316406 0.136068 0.215567
4 0.404622 0.817564 0.140408 0.155382
3 0.643121 0.624855 0.174262 0.221354
0 0.220378 0.685619 0.120443 0.149595
5 0.430122 0.580295 0.131076 0.208044
3 0.482639 0.356192 0.231337 0.278935
11 0.504015 0.399884 0.051866 0.060764
11 0.112413 0.234375 0.046441 0.0625
11 0.983615 0.470197 0.032335 0.070023
11 0.60395 0.67853 0.045139 0.060764
3 0.1301 0.223524 0.169054 0.224826
6 0.314562 0.578125 0.111328 0.130208
11 0.214193 0.733362 0.03342 0.040799
11 0.444227 0.543981 0.041667 0.055556
7 0.900499 0.427228 0.198568 0.313368
2 0.763021 0.671296 0.151042 0.162616
4 0.455187 0.810764 0.090495 0.144676
11 0.236979 0.488281 0.03559 0.050637
