7 0.451968 0.598307 0.241319 0.148003
4 0.629919 0.106228 0.198495 0.11263
7 0.672743 0.569878 0.243634 0.114583
9 0.679977 0.885417 0.221644 0.208333
6 0.802373 0.311523 0.243634 0.169054
7 0.715856 0.686957 0.234375 0.134332
1 0.429398 0.409939 0.215278 0.110677
0 0.58695 0.210069 0.217882 0.126302
9 0.468171 0.826931 0.209491 0.199002
5 0.804977 0.432943 0.225694 0.113281
4 0.476418 0.112088 0.091146 0.101345
4 0.399595 0.120985 0.072917 0.11263
11 0.821325 0.850586 0.059896 0.047092
5 0.64945 0.457465 0.183738 0.090712
11 0.824942 0.787652 0.050926 0.04145
6 0.644387 0.318142 0.133102 0.111545
0 0.43967 0.259983 0.176794 0.105469
