3 0.512804 0.793981 0.15842 0.242477
2 0.370443 0.810764 0.128906 0.285301
0 0.238064 0.548032 0.152344 0.248843
7 0.434353 0.478009 0.121745 0.261574
7 0.418077 0.242911 0.120009 0.233507
5 0.543728 0.23452 0.111762 0.213831
1 0.243273 0.837529 0.16276 0.300058
3 0.729275 0.835793 0.14388 0.238137
1 0.552734 0.467014 0.121094 0.23669
0 0.23839 0.377459 0.126085 0.086516
3 0.716797 0.452257 0.126736 0.203125
0 0.212891 0.226562 0.135417 0.090278
6 0.681749 0.249711 0.134332 0.217014
0 0.233507 0.301505 0.128472 0.068866
