0 0.275174 0.135995 0.194878 0.210648
7 0.397569 0.438368 0.195312 0.242477
6 0.550239 0.553241 0.149957 0.265625
5 0.730360 0.491175 0.138672 0.300637
7 0.590278 0.237124 0.196615 0.221354
7 0.225911 0.653356 0.191406 0.228588
7 0.401042 0.763021 0.176215 0.280671
7 0.611003 0.826100 0.206814 0.236111
11 0.136719 0.526910 0.038628 0.055556
11 0.406901 0.763744 0.045573 0.069155
10 0.139865 0.497830 0.199870 0.247975
0 0.265408 0.227431 0.182726 0.129051
0 0.299045 0.327257 0.191406 0.165509
6 0.640951 0.543692 0.086155 0.243056
