1 0.670862 0.860135 0.206308 0.179036
5 0.595486 0.507378 0.221065 0.131076
3 0.587818 0.702799 0.225405 0.129557
3 0.81901 0.558485 0.218461 0.182943
4 0.240017 0.465169 0.247975 0.184245
0 0.353877 0.219727 0.230903 0.193359
6 0.660446 0.344727 0.225405 0.185547
11 0.284722 0.201063 0.064236 0.043186
2 0.81467 0.282878 0.198785 0.167318
11 0.649016 0.529622 0.054977 0.048828
11 0.869358 0.22526 0.061053 0.048177
11 0.809606 0.928168 0.043981 0.036892
11 0.804109 0.588759 0.066551 0.042535
4 0.297598 0.528754 0.182002 0.119575
2 0.570168 0.821181 0.176794 0.12717
7 0.814091 0.884983 0.197627 0.178819
6 0.568721 0.388346 0.155382 0.126519
11 0.653501 0.310221 0.049479 0.040582
11 0.543692 0.68316 0.053819 0.038628
3 0.878328 0.243381 0.175637 0.171224
