0 0.101562 0.738064 0.203125 0.144097
5 0.54702 0.311523 0.309896 0.146484
6 0.583623 0.427409 0.261574 0.096137
7 0.225116 0.441081 0.279514 0.217665
7 0.402344 0.624132 0.221933 0.15625
7 0.550347 0.745985 0.146991 0.128255
7 0.830295 0.456814 0.262442 0.178385
0 0.275463 0.708984 0.204861 0.146267
11 0.431134 0.816298 0.058449 0.035373
7 0.697627 0.621528 0.225116 0.11849
10 0.392361 0.804688 0.224537 0.117622
6 0.555845 0.50293 0.273727 0.129557
11 0.696904 0.628689 0.055845 0.03559
0 0.18316 0.740126 0.142361 0.14171
