0 0.321615 0.157697 0.140625 0.205440
1 0.330946 0.454572 0.161892 0.214699
9 0.858398 0.794416 0.256727 0.321470
7 0.321506 0.651186 0.185981 0.223669
3 0.489149 0.404948 0.134549 0.233507
7 0.159831 0.545862 0.145616 0.236979
11 0.731228 0.685475 0.042752 0.060185
0 0.527452 0.205874 0.170356 0.171007
0 0.478082 0.086372 0.160590 0.149595
7 0.662435 0.275463 0.154731 0.236111
8 0.214952 0.830006 0.250651 0.330729
10 0.543837 0.700666 0.161024 0.263021
7 0.203885 0.326389 0.168186 0.220486
11 0.503689 0.218171 0.033420 0.050926
11 0.495985 0.367188 0.037977 0.045139
0 0.516602 0.121238 0.158203 0.078125
2 0.398003 0.351418 0.107639 0.153067
