7 0.52445 0.553819 0.240451 0.190972
7 0.73423 0.711806 0.298322 0.221354
7 0.299045 0.446398 0.233507 0.164062
7 0.724682 0.416233 0.199942 0.147569
9 0.185185 0.704644 0.363426 0.293837
0 0.77474 0.29872 0.235243 0.122613
11 0.418692 0.706706 0.064236 0.044054
0 0.707465 0.212565 0.204282 0.096571
1 0.159867 0.260851 0.212095 0.125434
10 0.446325 0.24783 0.216146 0.125868
11 0.409288 0.466254 0.055845 0.037977
7 0.828559 0.57997 0.271701 0.193359
0 0.829861 0.251845 0.142361 0.073568
2 0.251736 0.309896 0.153935 0.09375
3 0.156539 0.391385 0.226273 0.131727
