7 0.818142 0.185041 0.243924 0.202257
7 0.613281 0.178675 0.192708 0.171007
7 0.819661 0.379485 0.252604 0.231771
7 0.815104 0.612413 0.248698 0.248553
6 0.411458 0.128328 0.166233 0.175058
7 0.598958 0.35272 0.203125 0.17419
5 0.382161 0.336227 0.141927 0.099537
5 0.390734 0.449363 0.154731 0.154514
7 0.588867 0.535156 0.190755 0.206308
11 0.632595 0.766204 0.044705 0.056713
11 0.441406 0.707755 0.03776 0.058449
11 0.579753 0.509983 0.050564 0.067419
11 0.59375 0.320023 0.046875 0.060185
11 0.373264 0.472222 0.038194 0.056713
6 0.391927 0.226273 0.155382 0.118056
