7 0.549913 0.726273 0.169271 0.127315
7 0.380642 0.693287 0.184896 0.15625
7 0.588108 0.586806 0.181424 0.158565
7 0.40842 0.543403 0.193576 0.166667
7 0.612413 0.420718 0.190104 0.155093
7 0.635851 0.224537 0.197049 0.179398
7 0.43099 0.188657 0.216146 0.195602
7 0.420573 0.376736 0.197049 0.180556
7 0.198351 0.529514 0.217882 0.185185
7 0.208767 0.361111 0.22309 0.195602
7 0.207031 0.170718 0.243924 0.222222
7 0.167535 0.734375 0.208333 0.157407
11 0.333767 0.780093 0.047743 0.045139
0 0.726562 0.708333 0.161458 0.158565
0 0.75434 0.627315 0.149306 0.105324
4 0.796875 0.420139 0.196181 0.177083
4 0.825521 0.320023 0.163194 0.113426
4 0.828559 0.246528 0.171007 0.123843
