3 0.279948 0.725694 0.138889 0.282407
2 0.355469 0.631944 0.152778 0.298611
2 0.422309 0.711806 0.130208 0.280093
1 0.505208 0.597801 0.143229 0.271991
1 0.552517 0.717014 0.121528 0.269676
10 0.647569 0.641782 0.12066 0.248843
9 0.799045 0.483218 0.222222 0.228009
8 0.679688 0.210648 0.236979 0.226852
8 0.40842 0.285301 0.277778 0.274306
11 0.765191 0.645833 0.039931 0.050926
11 0.639757 0.348958 0.047743 0.054398
11 0.245226 0.483796 0.045139 0.064815
11 0.221354 0.374421 0.047743 0.065972
11 0.259115 0.181134 0.053819 0.065972
