4 0.701823 0.546007 0.217448 0.214699
4 0.534614 0.487413 0.150391 0.227141
0 0.238715 0.668258 0.103299 0.190104
6 0.573459 0.807581 0.152561 0.193287
8 0.70128 0.256366 0.312717 0.347801
7 0.225043 0.447772 0.139757 0.221933
5 0.41786 0.377604 0.121311 0.263889
7 0.383898 0.85923 0.138021 0.172743
0 0.333225 0.696181 0.124349 0.214699
11 0.352648 0.696904 0.038628 0.049479
11 0.245551 0.459491 0.035807 0.054977
11 0.637695 0.664062 0.04796 0.059028
4 0.649523 0.665075 0.128472 0.191262
4 0.528537 0.630064 0.133464 0.14728
5 0.465495 0.795139 0.126302 0.144676
0 0.281359 0.751302 0.064887 0.096933
5 0.342122 0.318432 0.163411 0.239294
2 0.378472 0.531829 0.164931 0.201389
11 0.379666 0.514612 0.034071 0.051794
