7 0.40162 0.186632 0.243634 0.139323
7 0.431134 0.559896 0.222222 0.110677
7 0.446759 0.796549 0.207176 0.113498
0 0.664786 0.465169 0.2636 0.093967
7 0.447338 0.314128 0.239583 0.131293
0 0.683304 0.389648 0.234664 0.091797
7 0.423032 0.450738 0.237269 0.105469
7 0.435475 0.679036 0.197338 0.100694
4 0.673177 0.618273 0.206308 0.117622
11 0.588397 0.67947 0.051794 0.042535
4 0.690683 0.225694 0.236111 0.113281
11 0.574363 0.617839 0.048611 0.036892
4 0.665509 0.536133 0.229745 0.080946
11 0.502604 0.612847 0.057292 0.045139
11 0.424624 0.372938 0.051794 0.04579
0 0.691551 0.327257 0.243056 0.095486
11 0.427662 0.471354 0.048611 0.034722
