7 0.315538 0.24197 0.227141 0.173177
0 0.206163 0.69987 0.279803 0.213976
9 0.750579 0.267687 0.251736 0.217665
7 0.709491 0.498372 0.179977 0.167318
7 0.493779 0.385091 0.217303 0.159071
7 0.285735 0.53049 0.22772 0.200304
3 0.857639 0.567057 0.206019 0.15842
1 0.900029 0.736545 0.193576 0.175347
11 0.606626 0.468207 0.050058 0.039714
10 0.605179 0.765082 0.238715 0.204644
11 0.572917 0.252713 0.048611 0.035807
0 0.27691 0.843967 0.25 0.196181
0 0.123987 0.797852 0.179688 0.136502
7 0.218605 0.360026 0.246817 0.181424
2 0.805556 0.67003 0.147569 0.10395
