0 0.129485 0.761719 0.248553 0.131944
0 0.167969 0.581597 0.228877 0.109809
0 0.161603 0.69911 0.225984 0.105252
1 0.481337 0.399848 0.208623 0.106554
2 0.5068 0.521376 0.208623 0.105252
3 0.498264 0.641385 0.210648 0.112196
4 0.190828 0.353299 0.227141 0.121962
5 0.781829 0.624023 0.208912 0.11697
6 0.884404 0.724067 0.199942 0.114366
7 0.751881 0.282878 0.221933 0.152127
7 0.665654 0.17589 0.225984 0.156033
4 0.221065 0.270833 0.234954 0.083333
4 0.261285 0.214844 0.233218 0.093316
4 0.293837 0.168294 0.220197 0.07487
5 0.928819 0.598199 0.089699 0.107422
