6 0.509549 0.332682 0.263889 0.18533
7 0.4307 0.713976 0.237558 0.123264
7 0.81684 0.321398 0.333912 0.226562
6 0.351852 0.469727 0.207176 0.187283
4 0.20515 0.669813 0.251157 0.127821
8 0.831308 0.541775 0.279514 0.237196
4 0.171296 0.499674 0.246528 0.122613
7 0.650029 0.759874 0.250289 0.123047
11 0.529803 0.63151 0.061343 0.041667
11 0.832176 0.517036 0.074074 0.040582
11 0.294994 0.64605 0.054688 0.032552
4 0.237703 0.620009 0.225405 0.088976
4 0.224826 0.5727 0.244792 0.06901
5 0.510561 0.471571 0.19647 0.15191
5 0.434606 0.244792 0.304977 0.25651
