5 0.561415 0.788628 0.097656 0.195891
4 0.872721 0.640336 0.112196 0.201389
7 0.326172 0.708044 0.134549 0.216435
9 0.184896 0.474971 0.194444 0.210938
0 0.781576 0.599537 0.107856 0.185764
9 0.142687 0.675203 0.205946 0.198206
7 0.440104 0.665654 0.111979 0.213252
1 0.597439 0.44401 0.111979 0.22309
6 0.670573 0.791811 0.144965 0.217882
7 0.415148 0.458623 0.140625 0.235532
11 0.18099 0.80136 0.042969 0.054688
4 0.880968 0.425347 0.103082 0.071181
11 0.23839 0.806279 0.03928 0.0489
4 0.882487 0.502894 0.103516 0.081597
5 0.543728 0.650174 0.085286 0.160301
0 0.745443 0.45515 0.092882 0.164352
6 0.669922 0.654659 0.107639 0.133391
