9 0.860677 0.173394 0.27228 0.247396
0 0.226562 0.684787 0.220486 0.138672
1 0.532697 0.663845 0.20081 0.15191
7 0.713252 0.66786 0.201389 0.165582
0 0.284578 0.481011 0.182002 0.169488
3 0.487847 0.519965 0.230324 0.138889
7 0.610966 0.815213 0.202257 0.130859
7 0.357205 0.349392 0.256655 0.16059
11 0.766638 0.292643 0.057581 0.043186
7 0.407263 0.787977 0.223669 0.143663
0 0.141204 0.532986 0.184028 0.155382
10 0.766348 0.468207 0.219618 0.14388
11 0.296441 0.507921 0.060475 0.046658
11 0.451678 0.514648 0.04456 0.036241
8 0.852575 0.74707 0.277488 0.213325
2 0.444444 0.607747 0.148148 0.104818
0 0.188223 0.493815 0.094039 0.155599
