7 0.605758 0.40918 0.202836 0.097439
4 0.659867 0.648763 0.207465 0.113498
5 0.827546 0.887804 0.226273 0.11849
7 0.400752 0.388997 0.180556 0.100043
7 0.626157 0.294922 0.202546 0.104601
5 0.471499 0.859809 0.122396 0.105469
5 0.624421 0.874891 0.185185 0.107856
7 0.633391 0.150391 0.209491 0.098958
8 0.840712 0.348524 0.202257 0.232205
4 0.491319 0.64605 0.127315 0.099826
0 0.699508 0.534939 0.208044 0.112413
6 0.641638 0.773003 0.158275 0.115451
6 0.82827 0.783963 0.216146 0.115234
11 0.414352 0.572157 0.04456 0.038411
11 0.408565 0.532552 0.053241 0.034722
0 0.532697 0.537218 0.123264 0.100477
6 0.487124 0.762261 0.1386 0.110026
