4 0.212782 0.548177 0.173394 0.186632
0 0.695530 0.214699 0.144531 0.240162
4 0.358615 0.556424 0.145182 0.204282
0 0.566840 0.252749 0.180990 0.217882
6 0.310221 0.255932 0.160373 0.190683
5 0.478407 0.629630 0.128255 0.259259
4 0.355686 0.407263 0.131076 0.144387
2 0.520833 0.451823 0.177083 0.196470
8 0.233832 0.796007 0.248047 0.322338
9 0.715603 0.473524 0.196832 0.253183
4 0.246419 0.411892 0.099175 0.147280
7 0.503038 0.084057 0.167535 0.162905
5 0.569010 0.665509 0.186198 0.279514
0 0.627279 0.150463 0.087023 0.109375
5 0.416341 0.203704 0.125651 0.172454
11 0.251845 0.422454 0.039714 0.052662
11 0.511502 0.463397 0.042535 0.055845
11 0.674045 0.469763 0.044271 0.055845
11 0.537435 0.249711 0.041884 0.051505
