0 0.152633 0.80599 0.23235 0.103299
0 0.170428 0.743273 0.226852 0.094618
0 0.160301 0.640299 0.233218 0.1148
3 0.492043 0.676541 0.213252 0.113932
2 0.495515 0.562609 0.214988 0.110894
1 0.466146 0.445747 0.224537 0.124132
4 0.15842 0.410916 0.242188 0.119141
4 0.181713 0.320095 0.25 0.082031
4 0.217448 0.248589 0.25434 0.094835
4 0.238571 0.198568 0.247396 0.098524
7 0.659288 0.18674 0.250868 0.182943
7 0.748409 0.302843 0.237558 0.169054
5 0.770689 0.650282 0.199942 0.113064
5 0.910156 0.615234 0.094618 0.103299
6 0.864149 0.732856 0.181424 0.108507
