6 0.280924 0.565972 0.167318 0.263889
7 0.268555 0.266493 0.241536 0.339699
7 0.729601 0.661748 0.164931 0.244213
5 0.420247 0.562645 0.180773 0.213252
4 0.657661 0.880208 0.176866 0.203704
4 0.527452 0.837963 0.105252 0.210069
7 0.817057 0.420862 0.202257 0.286169
8 0.527018 0.220341 0.298828 0.344618
11 0.483724 0.243056 0.047743 0.064236
11 0.616211 0.555122 0.048394 0.061053
4 0.441298 0.869358 0.106988 0.195312
4 0.585178 0.827402 0.103082 0.198206
11 0.623481 0.791667 0.030816 0.059028
6 0.420790 0.701823 0.193142 0.162326
5 0.198351 0.619213 0.220920 0.259259
