7 0.744141 0.78342 0.113715 0.24566
7 0.571723 0.83912 0.121745 0.251736
2 0.671007 0.593171 0.113715 0.238426
1 0.550347 0.575666 0.125 0.247396
3 0.362305 0.536169 0.123481 0.233218
5 0.480686 0.765046 0.123698 0.243634
5 0.338325 0.79702 0.12283 0.247975
6 0.219944 0.73206 0.121745 0.248264
0 0.281467 0.3682 0.138021 0.244502
0 0.150825 0.373553 0.15191 0.260417
0 0.391927 0.2011 0.127604 0.228009
4 0.412001 0.356481 0.124349 0.224537
4 0.535916 0.321325 0.144748 0.25434
4 0.278429 0.16305 0.157118 0.221933
4 0.792752 0.369213 0.166233 0.255208
