7 0.61046 0.801649 0.119358 0.239294
1 0.772244 0.24103 0.132161 0.261574
7 0.592122 0.569589 0.120877 0.247396
3 0.310981 0.208333 0.168837 0.240741
0 0.772786 0.506076 0.115451 0.230324
2 0.663194 0.257378 0.105903 0.256076
1 0.477105 0.584491 0.126085 0.23669
3 0.28852 0.605758 0.169054 0.198785
5 0.47309 0.82364 0.114149 0.224248
3 0.533637 0.264468 0.154948 0.233218
6 0.319987 0.83044 0.129557 0.231481
0 0.794379 0.797309 0.114366 0.102141
0 0.778754 0.727431 0.113498 0.070023
0 0.774631 0.657407 0.122613 0.088542
