11 0.636574 0.295573 0.060185 0.045139
11 0.303819 0.424479 0.054398 0.046007
11 0.138889 0.788628 0.055556 0.045139
11 0.304977 0.831163 0.059028 0.045139
11 0.403935 0.81684 0.060185 0.040799
1 0.549769 0.581163 0.261574 0.135417
1 0.67419 0.546875 0.255787 0.125868
2 0.558449 0.729601 0.258102 0.126736
2 0.647569 0.673611 0.248843 0.124132
3 0.635995 0.804688 0.258102 0.125868
10 0.609375 0.428819 0.265046 0.125868
9 0.465278 0.232205 0.229167 0.274306
8 0.163194 0.361979 0.219907 0.257812
8 0.244213 0.648438 0.256944 0.268229
