4 0.825195 0.198206 0.152127 0.208912
7 0.67513 0.403935 0.129774 0.225694
9 0.863281 0.410446 0.196615 0.222512
9 0.828342 0.635995 0.190104 0.198495
4 0.171007 0.285301 0.128038 0.197917
7 0.55599 0.429688 0.106337 0.206019
7 0.576931 0.659867 0.123047 0.234664
1 0.410373 0.641348 0.109375 0.208044
5 0.433702 0.433738 0.102648 0.200231
4 0.628906 0.1807 0.148438 0.249132
0 0.164822 0.537037 0.155165 0.191551
6 0.323568 0.393374 0.115017 0.208044
5 0.438585 0.177083 0.101997 0.217014
0 0.288628 0.646846 0.119792 0.2011
6 0.331489 0.183304 0.120009 0.221933
11 0.170464 0.722222 0.04145 0.051505
11 0.054905 0.691117 0.039062 0.052373
