1 0.59592 0.189562 0.200521 0.122613
7 0.319444 0.321398 0.25 0.141927
7 0.35923 0.086589 0.234664 0.145399
2 0.588252 0.325304 0.206597 0.113281
2 0.722946 0.348633 0.110243 0.106988
4 0.508681 0.699761 0.183449 0.215061
7 0.317419 0.455512 0.251736 0.137153
3 0.65162 0.444661 0.174769 0.112413
0 0.611111 0.541884 0.197917 0.082465
11 0.486979 0.437174 0.061921 0.04579
11 0.322917 0.541233 0.063079 0.045139
0 0.635706 0.629666 0.140625 0.126953
1 0.716869 0.187609 0.095197 0.134766
0 0.61169 0.663628 0.122685 0.155382
11 0.567708 0.536458 0.053241 0.045139
11 0.550926 0.298611 0.052083 0.048611
11 0.340278 0.210503 0.061343 0.047743
7 0.356481 0.207031 0.248843 0.148438
