4 0.558304 0.221137 0.182581 0.105903
5 0.515625 0.6352 0.171875 0.161892
7 0.570023 0.370009 0.211227 0.144965
9 0.140191 0.520399 0.239294 0.196615
0 0.187934 0.31467 0.106771 0.127604
7 0.340712 0.22526 0.177373 0.077691
8 0.797743 0.346463 0.308449 0.212457
6 0.639323 0.553819 0.198206 0.14974
7 0.313223 0.504557 0.153646 0.152344
0 0.356771 0.363064 0.151042 0.123698
9 0.254196 0.676975 0.275174 0.193359
0 0.265046 0.303602 0.082176 0.096354
6 0.614728 0.609701 0.139757 0.160807
11 0.298322 0.499891 0.04456 0.033203
11 0.446036 0.468316 0.050637 0.031684
11 0.560764 0.186198 0.043403 0.029948
7 0.46441 0.464627 0.202546 0.140191
11 0.362124 0.355686 0.049479 0.030816
4 0.5693 0.260091 0.17853 0.080512
0 0.287182 0.351128 0.135127 0.123264
11 0.120515 0.460938 0.046007 0.029948
