4 0.582031 0.240451 0.219618 0.10026
0 0.13614 0.234918 0.174479 0.160373
9 0.134259 0.453016 0.264468 0.184679
7 0.581597 0.356445 0.204861 0.143446
0 0.273872 0.295681 0.139757 0.13737
8 0.798611 0.354926 0.279514 0.225477
7 0.315972 0.125543 0.217014 0.149523
5 0.494792 0.587674 0.123264 0.116753
6 0.619936 0.543403 0.151331 0.109375
7 0.316406 0.464735 0.146123 0.130425
7 0.465567 0.448459 0.184028 0.115668
9 0.267361 0.590929 0.253472 0.125434
6 0.584346 0.581706 0.095197 0.111328
11 0.104022 0.410807 0.050637 0.031684
11 0.354167 0.319878 0.052083 0.036024
11 0.601997 0.128255 0.050637 0.045139
11 0.444589 0.455946 0.041956 0.029948
11 0.301215 0.46951 0.04456 0.029731
4 0.589844 0.163954 0.238715 0.165582
0 0.235388 0.230794 0.106192 0.105686
0 0.346933 0.31901 0.162616 0.139323
