10 0.505498 0.780165 0.250579 0.144531
11 0.450666 0.69694 0.078414 0.048828
8 0.211372 0.791016 0.265336 0.267795
7 0.753762 0.660373 0.217014 0.131076
7 0.447049 0.56543 0.278356 0.136502
7 0.150318 0.568359 0.300637 0.142361
3 0.55136 0.404405 0.269965 0.134766
1 0.571759 0.261176 0.272569 0.144748
1 0.578414 0.140408 0.266204 0.123698
6 0.858073 0.488064 0.225405 0.131944
5 0.860532 0.300456 0.225694 0.138238
5 0.863571 0.388129 0.224248 0.083984
0 0.182292 0.373264 0.33044 0.171875
0 0.222078 0.271484 0.313368 0.10026
0 0.230613 0.181098 0.308449 0.118273
0 0.203414 0.079319 0.331597 0.115668
