7 0.392036 0.742188 0.191623 0.175926
0 0.673286 0.814236 0.168186 0.153356
7 0.572917 0.567708 0.179253 0.228588
7 0.757812 0.367188 0.194444 0.222222
7 0.587240 0.251013 0.179253 0.290799
5 0.243381 0.523727 0.156467 0.260995
6 0.350043 0.469184 0.107205 0.249132
7 0.357747 0.178241 0.223307 0.267361
11 0.837457 0.497396 0.053385 0.067708
0 0.690538 0.729745 0.161892 0.116898
0 0.667969 0.642940 0.155816 0.129051
6 0.437826 0.460503 0.138672 0.252025
11 0.590169 0.265770 0.047960 0.065104
10 0.834201 0.511719 0.184462 0.217882
