0 0.628472 0.329753 0.185185 0.182075
7 0.803241 0.476128 0.257523 0.151476
7 0.208044 0.429905 0.241898 0.175347
1 0.331308 0.793077 0.225694 0.113932
2 0.197483 0.562391 0.249132 0.125651
6 0.569155 0.567491 0.232639 0.134549
7 0.848524 0.279405 0.213831 0.194227
4 0.708333 0.774848 0.15625 0.138672
7 0.871383 0.713216 0.175058 0.144748
5 0.554832 0.664497 0.235243 0.101997
7 0.815104 0.609049 0.242477 0.119141
11 0.322627 0.322483 0.0625 0.038194
4 0.582321 0.827582 0.153646 0.1148
11 0.320891 0.832031 0.050926 0.03559
7 0.335069 0.275716 0.277778 0.158203
0 0.490885 0.436523 0.204572 0.120009
11 0.818721 0.451063 0.076678 0.046224
11 0.456742 0.410373 0.063947 0.034288
11 0.597078 0.785482 0.052951 0.027127
6 0.407118 0.58572 0.131366 0.115885
5 0.420428 0.699219 0.141204 0.107639
1 0.196759 0.661675 0.219329 0.131944
0 0.533131 0.379123 0.139757 0.172743
4 0.623553 0.801866 0.115741 0.128472
