0 0.344329 0.808919 0.258681 0.128255
5 0.33015 0.322808 0.242477 0.125651
7 0.316696 0.174805 0.257234 0.137804
5 0.527199 0.304145 0.116319 0.122613
6 0.338397 0.468099 0.267072 0.128472
4 0.199508 0.620226 0.271123 0.121094
11 0.389468 0.312174 0.065394 0.044054
4 0.49103 0.61339 0.077546 0.125217
4 0.552517 0.599392 0.048322 0.122396
6 0.524595 0.435004 0.119792 0.138238
4 0.612269 0.596463 0.073495 0.121311
4 0.421875 0.608073 0.059028 0.120226
0 0.60489 0.792209 0.079572 0.126953
4 0.369792 0.611654 0.061343 0.127821
0 0.525463 0.791884 0.092593 0.133247
7 0.508536 0.146376 0.152488 0.123047
11 0.28125 0.171549 0.06713 0.054905
