7 0.780093 0.31684 0.228588 0.194878
4 0.200521 0.683919 0.211227 0.177734
6 0.397135 0.446181 0.168113 0.191406
7 0.670428 0.790365 0.251736 0.181424
6 0.530816 0.323459 0.243924 0.142578
7 0.443142 0.734484 0.258391 0.163411
8 0.822338 0.522135 0.26331 0.252604
4 0.264178 0.552409 0.224537 0.093099
5 0.533709 0.446398 0.167535 0.15625
11 0.551071 0.616319 0.055266 0.043837
11 0.81684 0.489041 0.059028 0.031901
5 0.478009 0.25651 0.248843 0.197483
4 0.214988 0.483615 0.231481 0.140408
4 0.264612 0.618815 0.208623 0.117839
11 0.318287 0.641385 0.05787 0.034071
