5 0.493056 0.406973 0.100694 0.136863
7 0.630968 0.316262 0.117839 0.238426
0 0.237305 0.471499 0.1352 0.20515
5 0.496202 0.221788 0.113932 0.243345
9 0.812826 0.546007 0.205078 0.181134
1 0.415148 0.58261 0.114149 0.182002
4 0.084201 0.389034 0.12934 0.18316
7 0.624891 0.471065 0.113932 0.099537
7 0.620226 0.562066 0.104601 0.084201
11 0.889431 0.201823 0.049696 0.063368
4 0.118273 0.609954 0.099826 0.069444
4 0.106771 0.534288 0.113715 0.085938
9 0.84809 0.361979 0.205729 0.220486
6 0.388997 0.210793 0.11046 0.253762
6 0.381944 0.398727 0.116753 0.131366
0 0.262478 0.602865 0.10829 0.08015
11 0.823893 0.195168 0.049696 0.054688
