11 0.305556 0.519965 0.075231 0.046875
11 0.271991 0.68316 0.075231 0.059028
1 0.518519 0.493924 0.311343 0.144097
1 0.733796 0.514757 0.207176 0.154514
2 0.724537 0.6875 0.21412 0.154514
2 0.510417 0.668403 0.329861 0.184028
3 0.519097 0.856337 0.342593 0.19184
3 0.735532 0.872396 0.231481 0.171875
6 0.400463 0.345052 0.320602 0.181424
6 0.623843 0.308594 0.177083 0.165799
6 0.762731 0.288194 0.146991 0.157986
5 0.719329 0.137153 0.171296 0.163194
5 0.545718 0.140625 0.180556 0.171875
5 0.353588 0.159288 0.31713 0.195312
