10 0.166667 0.319444 0.325231 0.199653
1 0.489583 0.278212 0.336806 0.228299
1 0.650463 0.292969 0.28125 0.190104
2 0.699074 0.43099 0.255787 0.141493
2 0.600116 0.481337 0.289352 0.153646
3 0.671875 0.617622 0.25 0.125868
11 0.466435 0.634983 0.070602 0.042535
11 0.440394 0.594618 0.060185 0.043403
11 0.914352 0.595052 0.068287 0.044271
11 0.945602 0.431424 0.072917 0.050347
5 0.245949 0.480469 0.326389 0.184896
5 0.278935 0.565104 0.278935 0.107639
6 0.280671 0.674045 0.252315 0.101562
6 0.242477 0.72092 0.259259 0.113715
6 0.184606 0.786892 0.277778 0.132812
