7 0.132378 0.196036 0.193576 0.364873
7 0.264214 0.561777 0.153429 0.287905
7 0.12066 0.751157 0.134983 0.262153
5 0.660699 0.717882 0.165148 0.162616
5 0.635959 0.501736 0.166016 0.335648
7 0.267904 0.806568 0.148655 0.213831
11 0.296549 0.282552 0.059245 0.080729
7 0.117839 0.508681 0.154948 0.322338
6 0.435004 0.625723 0.178602 0.291956
11 0.580404 0.470052 0.058377 0.073785
11 0.570312 0.745804 0.051649 0.075521
11 0.060221 0.502315 0.061415 0.072338
7 0.320638 0.28342 0.171224 0.306424
11 0.445095 0.608796 0.060764 0.078704
11 0.295573 0.798032 0.052951 0.069444
5 0.614149 0.832176 0.146701 0.144676
6 0.461372 0.784144 0.136285 0.175926
