0 0.262876 0.755208 0.256076 0.157118
0 0.466001 0.823785 0.238137 0.169705
1 0.495515 0.627604 0.24103 0.12717
2 0.480324 0.512153 0.22338 0.115885
7 0.226273 0.468207 0.244792 0.11697
2 0.49349 0.387912 0.222512 0.129123
5 0.524595 0.247613 0.221065 0.118924
0 0.648148 0.864041 0.21875 0.207682
2 0.706742 0.557075 0.20515 0.112413
3 0.715278 0.434679 0.203704 0.106337
1 0.734086 0.667101 0.206019 0.127604
0 0.226997 0.621419 0.235822 0.138238
6 0.532118 0.12934 0.219329 0.125434
11 0.303096 0.379123 0.054109 0.041667
9 0.775608 0.22526 0.198785 0.207031
11 0.323495 0.303819 0.056134 0.045139
