4 0.548177 0.787218 0.186632 0.173394
0 0.214699 0.30447 0.240162 0.144531
4 0.556424 0.641385 0.204282 0.145182
0 0.252749 0.43316 0.217882 0.18099
6 0.255932 0.689779 0.190683 0.160373
5 0.62963 0.521593 0.259259 0.128255
4 0.407263 0.644314 0.144387 0.131076
2 0.451823 0.479167 0.19647 0.177083
8 0.796007 0.766168 0.322338 0.248047
9 0.473524 0.284397 0.253183 0.196832
4 0.411892 0.753581 0.14728 0.099175
7 0.084057 0.496962 0.162905 0.167535
5 0.665509 0.43099 0.279514 0.186198
0 0.150463 0.372721 0.109375 0.087023
5 0.203704 0.583659 0.172454 0.125651
11 0.422454 0.748155 0.052662 0.039714
11 0.463397 0.488498 0.055845 0.042535
11 0.469763 0.325955 0.055845 0.044271
11 0.249711 0.462565 0.051505 0.041884
