0 0.763455 0.808449 0.128906 0.265625
0 0.689236 0.76765 0.084201 0.234954
0 0.582899 0.753183 0.111111 0.239583
3 0.646701 0.453704 0.101997 0.184028
2 0.53201 0.434028 0.096137 0.179977
1 0.417209 0.441117 0.10178 0.181424
5 0.6352 0.227575 0.098524 0.150752
5 0.613173 0.120081 0.087457 0.076389
6 0.72168 0.164062 0.097873 0.141204
7 0.329753 0.212674 0.128255 0.168403
7 0.222548 0.265625 0.136068 0.181713
4 0.347222 0.703704 0.143229 0.24537
4 0.268012 0.666377 0.111111 0.236111
4 0.215061 0.621672 0.127604 0.227141
4 0.170573 0.587818 0.103299 0.206887
