0 0.62963 0.665148 0.207176 0.098524
6 0.186343 0.800347 0.186921 0.104601
7 0.249277 0.371419 0.198785 0.10178
7 0.248843 0.560655 0.196759 0.096137
9 0.555122 0.127279 0.179109 0.20421
7 0.262008 0.276042 0.2011 0.096354
7 0.265046 0.467448 0.191551 0.096354
4 0.626447 0.562717 0.196181 0.105903
7 0.264757 0.656467 0.195602 0.098958
0 0.493056 0.658746 0.072917 0.087457
4 0.443576 0.558919 0.086227 0.097873
5 0.206019 0.902452 0.203125 0.114366
11 0.494936 0.313368 0.044271 0.039931
4 0.509115 0.552734 0.051215 0.092882
0 0.436632 0.658746 0.047454 0.092665
11 0.466869 0.270725 0.046586 0.040582
8 0.330006 0.110352 0.177951 0.212891
