9 0.792535 0.177192 0.261574 0.214627
0 0.6182 0.888455 0.224826 0.207031
3 0.717448 0.418186 0.222512 0.143229
1 0.471065 0.624349 0.208333 0.126302
5 0.522569 0.241102 0.214699 0.111545
0 0.436487 0.811849 0.234664 0.138021
7 0.259549 0.46582 0.17419 0.115668
1 0.718461 0.694553 0.259259 0.129991
2 0.468027 0.513997 0.192998 0.108724
0 0.25217 0.596571 0.159433 0.115885
2 0.695891 0.559679 0.225694 0.118056
0 0.274016 0.723416 0.19213 0.14388
6 0.530671 0.122721 0.216435 0.127387
2 0.485966 0.383681 0.209201 0.118924
11 0.336806 0.313151 0.050347 0.03559
11 0.316551 0.385091 0.046296 0.034939
