7 0.378147 0.714844 0.118273 0.237558
7 0.268012 0.730179 0.106337 0.249132
4 0.50293 0.446036 0.1148 0.246238
0 0.304253 0.471209 0.068142 0.234086
7 0.619575 0.70298 0.125868 0.245081
7 0.165582 0.745081 0.103733 0.25
7 0.750977 0.671441 0.126953 0.242188
7 0.493056 0.710648 0.113281 0.243634
0 0.360135 0.468171 0.066189 0.21875
4 0.417318 0.456742 0.06684 0.231192
4 0.190972 0.491464 0.052517 0.213831
0 0.248372 0.474248 0.069661 0.201389
11 0.737847 0.741319 0.050347 0.06713
11 0.485243 0.742477 0.038194 0.053241
11 0.145399 0.766204 0.042535 0.061343
11 0.245226 0.487269 0.039062 0.052083
11 0.504774 0.503472 0.046007 0.049769
