10 0.833333 0.680556 0.325231 0.199653
1 0.510417 0.721788 0.336806 0.228299
1 0.349537 0.707031 0.28125 0.190104
2 0.300926 0.56901 0.255787 0.141493
2 0.399884 0.518663 0.289352 0.153646
3 0.328125 0.382378 0.25 0.125868
11 0.533565 0.365017 0.070602 0.042535
11 0.559606 0.405382 0.060185 0.043403
11 0.085648 0.404948 0.068287 0.044271
11 0.054398 0.568576 0.072917 0.050347
5 0.754051 0.519531 0.326389 0.184896
5 0.721065 0.434896 0.278935 0.107639
6 0.719329 0.325955 0.252315 0.101562
6 0.757523 0.27908 0.259259 0.113715
6 0.815394 0.213108 0.277778 0.132812
