1 0.158963 0.453414 0.156901 0.189815
7 0.082031 0.585359 0.144965 0.208333
4 0.590820 0.141782 0.163411 0.157986
11 0.891385 0.722222 0.059679 0.076389
0 0.817057 0.210069 0.183160 0.166088
2 0.788628 0.625868 0.243056 0.237847
6 0.698676 0.455006 0.222005 0.227141
5 0.518121 0.389757 0.124349 0.211227
3 0.420464 0.610243 0.233290 0.249421
3 0.323893 0.388600 0.159939 0.192708
11 0.396701 0.567998 0.051649 0.056134
11 0.741970 0.445023 0.047309 0.061343
6 0.656250 0.365451 0.148438 0.127894
11 0.487630 0.422888 0.046007 0.051794
11 0.034180 0.555411 0.041450 0.049479
11 0.358832 0.337818 0.036241 0.050637
11 0.829427 0.158131 0.042535 0.046007
4 0.525608 0.172598 0.095052 0.118345
2 0.232205 0.370370 0.101128 0.127894
3 0.860135 0.738715 0.268446 0.302662
