0 0.334852 0.62963 0.098524 0.207176
6 0.199653 0.186343 0.104601 0.186921
7 0.628581 0.249277 0.10178 0.198785
7 0.439345 0.248843 0.096137 0.196759
9 0.872721 0.555122 0.20421 0.179109
7 0.723958 0.262008 0.096354 0.2011
7 0.532552 0.265046 0.096354 0.191551
4 0.437283 0.626447 0.105903 0.196181
7 0.343533 0.264757 0.098958 0.195602
0 0.341254 0.493056 0.087457 0.072917
4 0.441081 0.443576 0.097873 0.086227
5 0.097548 0.206019 0.114366 0.203125
11 0.686632 0.494936 0.039931 0.044271
4 0.447266 0.509115 0.092882 0.051215
0 0.341254 0.436632 0.092665 0.047454
11 0.729275 0.466869 0.040582 0.046586
8 0.889648 0.330006 0.212891 0.177951
