1 0.841037 0.546586 0.156901 0.189815
7 0.917969 0.414641 0.144965 0.208333
4 0.40918 0.858218 0.163411 0.157986
11 0.108615 0.277778 0.059679 0.076389
0 0.182943 0.789931 0.18316 0.166088
2 0.211372 0.374132 0.243056 0.237847
6 0.301324 0.544994 0.222005 0.227141
5 0.481879 0.610243 0.124349 0.211227
3 0.579536 0.389757 0.23329 0.249421
3 0.676107 0.6114 0.159939 0.192708
11 0.603299 0.432002 0.051649 0.056134
11 0.25803 0.554977 0.047309 0.061343
6 0.34375 0.634549 0.148438 0.127894
11 0.51237 0.577112 0.046007 0.051794
11 0.96582 0.444589 0.04145 0.049479
11 0.641168 0.662182 0.036241 0.050637
11 0.170573 0.841869 0.042535 0.046007
4 0.474392 0.827402 0.095052 0.118345
2 0.767795 0.62963 0.101128 0.127894
3 0.139865 0.261285 0.268446 0.302662
