9 0.822808 0.792535 0.214627 0.261574
0 0.111545 0.6182 0.207031 0.224826
3 0.581814 0.717448 0.143229 0.222512
1 0.375651 0.471065 0.126302 0.208333
5 0.758898 0.522569 0.111545 0.214699
0 0.188151 0.436487 0.138021 0.234664
7 0.53418 0.259549 0.115668 0.17419
1 0.305447 0.718461 0.129991 0.259259
2 0.486003 0.468027 0.108724 0.192998
0 0.403429 0.25217 0.115885 0.159433
2 0.440321 0.695891 0.118056 0.225694
0 0.276584 0.274016 0.14388 0.19213
6 0.877279 0.530671 0.127387 0.216435
2 0.616319 0.485966 0.118924 0.209201
11 0.686849 0.336806 0.03559 0.050347
11 0.614909 0.316551 0.034939 0.046296
