0 0.214844 0.855469 0.159722 0.223669
7 0.327365 0.374132 0.152127 0.193287
0 0.279080 0.702402 0.141059 0.167535
4 0.169813 0.433594 0.103082 0.193576
9 0.698568 0.640191 0.274740 0.395544
5 0.619792 0.355613 0.194444 0.171875
7 0.473958 0.611256 0.186198 0.206308
9 0.496311 0.834491 0.277344 0.314236
7 0.129557 0.673466 0.122396 0.219618
8 0.328234 0.205440 0.186415 0.222222
11 0.419271 0.908131 0.044705 0.063368
6 0.598416 0.263600 0.160807 0.119213
6 0.528971 0.268953 0.103950 0.180845
11 0.443576 0.459925 0.036024 0.054109
7 0.440647 0.451389 0.154731 0.213542
11 0.473958 0.625000 0.036892 0.059028
11 0.302083 0.594473 0.044271 0.057581
11 0.138672 0.426939 0.033420 0.048322
4 0.231337 0.416956 0.075955 0.188079
0 0.309462 0.600550 0.152778 0.166377
0 0.213433 0.735388 0.123915 0.108507
