7 0.68316 0.780093 0.194878 0.228588
4 0.316081 0.200521 0.177734 0.211227
6 0.553819 0.397135 0.191406 0.168113
7 0.209635 0.670428 0.181424 0.251736
6 0.676541 0.530816 0.142578 0.243924
7 0.265516 0.443142 0.163411 0.258391
8 0.477865 0.822338 0.252604 0.26331
4 0.447591 0.264178 0.093099 0.224537
5 0.553602 0.533709 0.15625 0.167535
11 0.383681 0.551071 0.043837 0.055266
11 0.510959 0.81684 0.031901 0.059028
5 0.74349 0.478009 0.197483 0.248843
4 0.516385 0.214988 0.140408 0.231481
4 0.381185 0.264612 0.117839 0.208623
11 0.358615 0.318287 0.034071 0.05787
