0 0.587131 0.679688 0.138238 0.21412
5 0.128364 0.80599 0.139106 0.24566
7 0.875543 0.670573 0.090929 0.171586
6 0.283963 0.83478 0.196398 0.222801
7 0.720486 0.531973 0.101128 0.188947
4 0.395616 0.58724 0.094618 0.197049
7 0.643229 0.489583 0.094184 0.147569
6 0.271267 0.556279 0.139757 0.197049
8 0.696289 0.842303 0.203776 0.189236
5 0.105794 0.622685 0.124783 0.17419
11 0.52322 0.453993 0.03342 0.049769
11 0.486762 0.457755 0.037326 0.046875
7 0.791992 0.587095 0.085286 0.19213
0 0.549696 0.612269 0.079861 0.186921
4 0.462891 0.658275 0.09375 0.208912
6 0.27691 0.686198 0.132378 0.186053
5 0.154839 0.534288 0.106988 0.183738
