0 0.541558 0.588542 0.162109 0.156829
4 0.34158 0.245949 0.159722 0.132523
1 0.551432 0.202836 0.152344 0.126736
4 0.338867 0.126736 0.146918 0.118634
0 0.524523 0.740451 0.168403 0.161458
6 0.718424 0.51765 0.162977 0.149306
7 0.105903 0.478443 0.158854 0.153067
2 0.343316 0.437355 0.173611 0.134549
0 0.521593 0.896267 0.175998 0.167535
3 0.335503 0.574363 0.165799 0.144097
5 0.528754 0.407697 0.159505 0.140046
5 0.695964 0.389468 0.163194 0.144676
7 0.10612 0.348235 0.153646 0.143808
11 0.227214 0.7432 0.038194 0.054688
11 0.347331 0.740017 0.041016 0.051215
