1 0.431134 0.762153 0.259259 0.189236
1 0.586806 0.758681 0.283565 0.206597
2 0.457176 0.579861 0.271991 0.144097
2 0.372685 0.643663 0.248843 0.132812
3 0.359375 0.445312 0.266204 0.138889
11 0.116319 0.477431 0.071759 0.046875
11 0.123843 0.65408 0.075231 0.056424
11 0.572338 0.421441 0.06713 0.039062
11 0.606481 0.463542 0.061343 0.050347
5 0.780671 0.565972 0.259259 0.171875
5 0.748264 0.487847 0.24537 0.112847
6 0.739583 0.377604 0.234954 0.111111
6 0.774306 0.322483 0.237269 0.101562
6 0.825231 0.248698 0.258102 0.134549
10 0.859375 0.703559 0.256944 0.177951
