4 0.449074 0.699002 0.225116 0.222656
4 0.509838 0.531141 0.254051 0.148655
6 0.183449 0.566623 0.197338 0.152344
8 0.746383 0.703451 0.350405 0.321832
7 0.134404 0.377821 0.184317 0.139323
5 0.62963 0.412326 0.268519 0.129774
0 0.333767 0.228082 0.172743 0.111979
7 0.559896 0.216471 0.236111 0.134332
11 0.487558 0.373155 0.061343 0.043186
11 0.544705 0.238498 0.042535 0.029514
11 0.334491 0.63303 0.053819 0.046441
11 0.299334 0.343533 0.051794 0.036458
0 0.311777 0.324219 0.19647 0.143229
0 0.244647 0.271484 0.088831 0.067274
4 0.327257 0.64464 0.194444 0.120877
4 0.363426 0.520291 0.134259 0.126519
5 0.203704 0.454427 0.162037 0.131076
5 0.690538 0.338976 0.249132 0.158854
2 0.469329 0.373806 0.190972 0.163411
