7 0.240668 0.439091 0.196615 0.242766
6 0.563043 0.379919 0.217665 0.185764
4 0.245877 0.162471 0.226562 0.287326
6 0.699436 0.503617 0.15842 0.214988
7 0.229709 0.635417 0.157335 0.182292
4 0.428711 0.233796 0.094401 0.254051
8 0.508681 0.729456 0.259115 0.177662
11 0.388672 0.544994 0.050347 0.057581
11 0.324327 0.315538 0.043186 0.06684
7 0.696832 0.697627 0.184896 0.177662
4 0.522352 0.173322 0.148438 0.287037
11 0.536567 0.737413 0.033203 0.042535
4 0.350152 0.240307 0.117839 0.282118
5 0.568251 0.516204 0.157335 0.162037
5 0.786133 0.447049 0.211589 0.23669
