4 0.314091 0.416775 0.168692 0.188585
4 0.494647 0.346788 0.182002 0.158854
1 0.743056 0.399306 0.212963 0.148438
0 0.377604 0.792969 0.119792 0.105469
6 0.455295 0.626411 0.224826 0.097873
1 0.812355 0.547418 0.172164 0.110894
7 0.205729 0.59668 0.265625 0.10612
5 0.479022 0.544379 0.235822 0.098307
7 0.128038 0.482964 0.219039 0.167752
5 0.622251 0.508247 0.140336 0.105469
7 0.226852 0.703451 0.238426 0.116102
7 0.209201 0.824327 0.214699 0.11263
7 0.710214 0.71224 0.161169 0.105903
2 0.772135 0.625977 0.188368 0.088759
0 0.506655 0.726562 0.160301 0.078993
11 0.45761 0.421115 0.061632 0.043186
11 0.774016 0.370009 0.056713 0.040365
11 0.604745 0.78928 0.050347 0.030382
4 0.433015 0.385851 0.137442 0.164497
11 0.222078 0.730469 0.052951 0.030816
11 0.521701 0.745768 0.04456 0.030599
7 0.589265 0.801866 0.182002 0.099392
0 0.451823 0.761176 0.143229 0.095703
6 0.600694 0.610677 0.144676 0.085938
