4 0.286748 0.370009 0.185185 0.181424
1 0.726707 0.370985 0.239873 0.16428
7 0.213108 0.66135 0.231192 0.121311
6 0.432002 0.598958 0.218171 0.120226
1 0.810619 0.533746 0.220197 0.115234
7 0.189091 0.550347 0.253183 0.107205
5 0.604601 0.480794 0.142072 0.10612
7 0.114005 0.43099 0.212963 0.152778
0 0.35952 0.770291 0.127604 0.110026
0 0.487847 0.707899 0.17419 0.098524
7 0.196759 0.784939 0.20081 0.105903
7 0.712384 0.708333 0.183449 0.119358
4 0.455584 0.3023 0.189525 0.166667
7 0.583767 0.800239 0.216146 0.090061
11 0.425926 0.380208 0.060764 0.042101
11 0.756076 0.33724 0.064236 0.043837
6 0.579282 0.591363 0.14294 0.111545
11 0.203125 0.686306 0.048032 0.035373
11 0.504051 0.730143 0.04456 0.028863
11 0.594763 0.786241 0.046007 0.02908
0 0.444589 0.744792 0.114294 0.103299
4 0.416522 0.346029 0.135127 0.179036
2 0.775897 0.623589 0.221933 0.087023
5 0.457899 0.511502 0.225405 0.110677
