7 0.759332 0.560909 0.196615 0.242766
6 0.436957 0.620081 0.217665 0.185764
4 0.754123 0.837529 0.226562 0.287326
6 0.300564 0.496383 0.158420 0.214988
7 0.770291 0.364583 0.157335 0.182292
4 0.571289 0.766204 0.094401 0.254051
8 0.491319 0.270544 0.259115 0.177662
11 0.611328 0.455006 0.050347 0.057581
11 0.675673 0.684462 0.043186 0.066840
7 0.303168 0.302373 0.184896 0.177662
4 0.477648 0.826678 0.148438 0.287037
11 0.463433 0.262587 0.033203 0.042535
4 0.649848 0.759693 0.117839 0.282118
5 0.431749 0.483796 0.157335 0.162037
5 0.213867 0.552951 0.211589 0.236690
