5 0.42853 0.566732 0.258102 0.131727
4 0.104167 0.523438 0.203125 0.164931
0 0.132234 0.282444 0.242477 0.200304
11 0.746094 0.222765 0.07147 0.058377
6 0.474248 0.397135 0.28125 0.21224
3 0.451389 0.741753 0.21412 0.115017
3 0.684606 0.633898 0.26794 0.189236
1 0.545284 0.870985 0.190683 0.130425
7 0.695023 0.904622 0.195023 0.130425
11 0.478009 0.597656 0.050926 0.039062
11 0.656829 0.665148 0.0625 0.042969
3 0.783854 0.244683 0.303241 0.282335
11 0.677373 0.949978 0.056134 0.040148
4 0.156395 0.566732 0.136285 0.139106
11 0.057002 0.274197 0.053241 0.049696
11 0.457755 0.363715 0.056713 0.056858
11 0.392795 0.723633 0.054109 0.038845
2 0.453704 0.825412 0.156829 0.090495
2 0.636285 0.314019 0.220486 0.172743
6 0.390336 0.455078 0.191551 0.127604
