10 0.726237 0.151331 0.21072 0.302662
11 0.453559 0.469329 0.049479 0.06713
11 0.411892 0.499421 0.044271 0.064815
11 0.497396 0.904514 0.048611 0.06713
11 0.663194 0.883681 0.048611 0.078704
3 0.449219 0.698495 0.153646 0.25463
2 0.590712 0.590278 0.150174 0.265046
2 0.650174 0.673611 0.140625 0.237269
1 0.772569 0.607639 0.180556 0.244213
1 0.779514 0.451389 0.222222 0.304398
5 0.564236 0.23669 0.222222 0.347222
5 0.467882 0.283565 0.145833 0.302083
6 0.34809 0.298611 0.119792 0.290509
6 0.274306 0.270833 0.112847 0.297454
6 0.181424 0.204282 0.142361 0.333333
