6 0.448061 0.37793 0.237558 0.149523
0 0.069589 0.684679 0.129919 0.204861
7 0.333044 0.544379 0.230324 0.212023
7 0.555122 0.745443 0.281539 0.262587
7 0.165654 0.37576 0.187211 0.179036
7 0.677662 0.518663 0.323495 0.21658
7 0.723524 0.277778 0.268229 0.207031
5 0.388021 0.21582 0.254051 0.143446
11 0.399306 0.854926 0.063079 0.057075
11 0.66305 0.507595 0.070891 0.05599
10 0.376302 0.853516 0.265336 0.261285
0 0.119502 0.699002 0.127894 0.206163
0 0.230613 0.664062 0.133102 0.195312
6 0.438368 0.278537 0.230324 0.100043
