3 0.274306 0.279948 0.282407 0.138889
2 0.368056 0.355469 0.298611 0.152778
2 0.288194 0.422309 0.280093 0.130208
1 0.402199 0.505208 0.271991 0.143229
1 0.282986 0.552517 0.269676 0.121528
10 0.358218 0.647569 0.248843 0.12066
9 0.516782 0.799045 0.228009 0.222222
8 0.789352 0.679688 0.226852 0.236979
8 0.714699 0.40842 0.274306 0.277778
11 0.354167 0.765191 0.050926 0.039931
11 0.651042 0.639757 0.054398 0.047743
11 0.516204 0.245226 0.064815 0.045139
11 0.625579 0.221354 0.065972 0.047743
11 0.818866 0.259115 0.065972 0.053819
