7 0.714844 0.621853 0.237558 0.118273
7 0.730179 0.731988 0.249132 0.106337
4 0.446036 0.49707 0.246238 0.1148
0 0.471209 0.695747 0.234086 0.068142
7 0.70298 0.380425 0.245081 0.125868
7 0.745081 0.834418 0.25 0.103733
7 0.671441 0.249023 0.242188 0.126953
7 0.710648 0.506944 0.243634 0.113281
0 0.468171 0.639865 0.21875 0.066189
4 0.456742 0.582682 0.231192 0.06684
4 0.491464 0.809028 0.213831 0.052517
0 0.474248 0.751628 0.201389 0.069661
11 0.741319 0.262153 0.06713 0.050347
11 0.742477 0.514757 0.053241 0.038194
11 0.766204 0.854601 0.061343 0.042535
11 0.487269 0.754774 0.052083 0.039062
11 0.503472 0.495226 0.049769 0.046007
