9 0.790799 0.720631 0.329861 0.362558
0 0.323025 0.237992 0.097005 0.138021
7 0.263780 0.606771 0.148655 0.175347
0 0.484701 0.237847 0.138238 0.103588
1 0.301758 0.444300 0.127387 0.159433
7 0.595161 0.273293 0.152127 0.182581
11 0.635200 0.604601 0.044271 0.061632
7 0.219293 0.365017 0.128689 0.158854
7 0.150825 0.529948 0.107205 0.190104
3 0.429688 0.389323 0.139323 0.172743
8 0.149197 0.776331 0.171224 0.312500
0 0.419271 0.166377 0.082465 0.123264
4 0.453451 0.641638 0.139540 0.245081
2 0.363498 0.359809 0.084201 0.105035
11 0.435872 0.357494 0.031467 0.040220
11 0.458984 0.246383 0.032552 0.035012
0 0.477973 0.173032 0.124783 0.046875
