0 0.812355 0.248372 0.194734 0.097439
0 0.797888 0.301649 0.198785 0.082899
0 0.8193 0.395399 0.20515 0.101997
3 0.513021 0.359158 0.197338 0.101997
2 0.514323 0.466363 0.20515 0.105903
1 0.550637 0.581814 0.22338 0.119792
4 0.838686 0.603082 0.215567 0.103299
4 0.822049 0.685981 0.217593 0.075521
4 0.795284 0.746202 0.227141 0.100043
4 0.780816 0.810004 0.225984 0.100043
7 0.376157 0.847548 0.260417 0.197266
7 0.270833 0.733724 0.255208 0.181424
5 0.231481 0.386068 0.209491 0.113715
5 0.081453 0.415473 0.1114 0.105252
6 0.122685 0.298611 0.20081 0.105903
