4 0.267361 0.657986 0.137153 0.303241
4 0.148438 0.658565 0.097222 0.297454
0 0.273003 0.314236 0.124132 0.270833
0 0.16276 0.306713 0.092882 0.269676
7 0.466146 0.718171 0.144097 0.321759
7 0.599392 0.787037 0.171007 0.320602
7 0.768229 0.79456 0.206597 0.324074
7 0.848958 0.563657 0.175347 0.297454
7 0.68099 0.513889 0.143229 0.283565
7 0.556858 0.494213 0.122396 0.28125
7 0.425781 0.4375 0.148438 0.267361
7 0.851562 0.310185 0.178819 0.258102
7 0.697049 0.235532 0.130208 0.277778
7 0.557726 0.217593 0.132812 0.274306
7 0.438802 0.182292 0.131076 0.25463
