3 0.880642 0.429977 0.179688 0.337963
3 0.868056 0.230324 0.149306 0.177083
2 0.684028 0.432870 0.194444 0.329861
2 0.688802 0.230903 0.165799 0.162037
1 0.501302 0.418981 0.167535 0.311343
1 0.519531 0.236111 0.162326 0.181713
6 0.296007 0.199074 0.144097 0.109954
6 0.310330 0.318287 0.164062 0.146991
6 0.329427 0.541088 0.195312 0.335648
5 0.138889 0.228588 0.151042 0.141204
5 0.121094 0.381944 0.160590 0.195602
5 0.109375 0.589120 0.194444 0.364583
11 0.528646 0.635417 0.062500 0.082176
11 0.726997 0.673032 0.065104 0.083333
