7 0.576534 0.61122 0.234086 0.192925
7 0.763021 0.76378 0.234954 0.19987
2 0.238426 0.31326 0.207176 0.10395
0 0.77662 0.18674 0.211227 0.153863
7 0.333912 0.489366 0.236111 0.187066
9 0.25217 0.766385 0.340567 0.287109
11 0.456019 0.517687 0.055556 0.041016
7 0.774161 0.449978 0.203993 0.185113
0 0.834925 0.31174 0.224248 0.167752
10 0.47526 0.228841 0.245081 0.169488
11 0.483507 0.768121 0.056713 0.041884
1 0.142361 0.240885 0.23669 0.1875
3 0.155382 0.417209 0.25 0.17296
7 0.850116 0.625651 0.231481 0.188368
0 0.898582 0.236871 0.121817 0.110894
