7 0.275463 0.781901 0.227431 0.142795
7 0.117188 0.565213 0.206597 0.125651
5 0.372685 0.91276 0.242477 0.141493
5 0.359664 0.642687 0.252315 0.150391
2 0.484809 0.794596 0.251447 0.213325
1 0.721788 0.739258 0.258391 0.133898
7 0.4864 0.528971 0.234375 0.130859
3 0.791811 0.466797 0.248553 0.125
7 0.747251 0.205621 0.259549 0.160807
7 0.781829 0.097222 0.256366 0.135417
4 0.521412 0.216797 0.224537 0.121962
4 0.399161 0.219076 0.181424 0.160807
4 0.679398 0.582465 0.26331 0.157118
4 0.838686 0.344184 0.212674 0.178819
0 0.29239 0.497504 0.143808 0.163845
0 0.372251 0.40549 0.207465 0.129557
0 0.589699 0.285265 0.209491 0.158637
5 0.555266 0.40701 0.244213 0.126519
5 0.228009 0.351128 0.206597 0.146701
6 0.17853 0.235135 0.173611 0.158637
