1 0.428385 0.380642 0.124132 0.199942
7 0.262261 0.392795 0.144748 0.206308
1 0.521701 0.396267 0.101128 0.225984
0 0.502713 0.697627 0.163411 0.302662
2 0.708442 0.388455 0.126085 0.224248
3 0.837999 0.402344 0.143012 0.220197
7 0.120551 0.447193 0.139540 0.200521
4 0.672418 0.697338 0.112196 0.261574
4 0.780056 0.714988 0.137370 0.263889
7 0.235786 0.618924 0.191623 0.260995
11 0.871419 0.369792 0.052734 0.051505
2 0.616753 0.377459 0.072917 0.194155
11 0.022244 0.024450 0.044054 0.043692
11 0.624566 0.417245 0.040799 0.060185
4 0.868056 0.767940 0.197917 0.333333
0 0.404514 0.688657 0.100694 0.274306
