0 0.263238 0.129630 0.201823 0.251736
7 0.617405 0.298466 0.254340 0.270544
6 0.545030 0.623119 0.158203 0.276331
5 0.748589 0.608796 0.159071 0.295139
7 0.397569 0.469907 0.193576 0.240162
7 0.241753 0.633536 0.174479 0.179109
7 0.583333 0.877749 0.194010 0.219618
7 0.395616 0.772425 0.165799 0.228877
11 0.155707 0.507523 0.045790 0.052083
0 0.295247 0.342303 0.189453 0.173611
0 0.259223 0.222801 0.189019 0.144676
10 0.157335 0.474971 0.166667 0.223090
11 0.394097 0.777778 0.040365 0.060185
6 0.638997 0.642940 0.103950 0.263310
