4 0.174805 0.801794 0.152127 0.208912
7 0.32487 0.596065 0.129774 0.225694
9 0.136719 0.589554 0.196615 0.222512
9 0.171658 0.364005 0.190104 0.198495
4 0.828993 0.714699 0.128038 0.197917
7 0.44401 0.570312 0.106337 0.206019
7 0.423069 0.340133 0.123047 0.234664
1 0.589627 0.358652 0.109375 0.208044
5 0.566298 0.566262 0.102648 0.200231
4 0.371094 0.8193 0.148438 0.249132
0 0.835178 0.462963 0.155165 0.191551
6 0.676432 0.606626 0.115017 0.208044
5 0.561415 0.822917 0.101997 0.217014
0 0.711372 0.353154 0.119792 0.2011
6 0.668511 0.816696 0.120009 0.221933
11 0.829536 0.277778 0.04145 0.051505
11 0.945095 0.308883 0.039062 0.052373
