0 0.87037 0.263238 0.251736 0.201823
7 0.701534 0.617405 0.270544 0.25434
6 0.376881 0.54503 0.276331 0.158203
5 0.391204 0.748589 0.295139 0.159071
7 0.530093 0.397569 0.240162 0.193576
7 0.366464 0.241753 0.179109 0.174479
7 0.122251 0.583333 0.219618 0.19401
7 0.227575 0.395616 0.228877 0.165799
11 0.492477 0.155707 0.052083 0.04579
0 0.657697 0.295247 0.173611 0.189453
0 0.777199 0.259223 0.144676 0.189019
10 0.525029 0.157335 0.22309 0.166667
11 0.222222 0.394097 0.060185 0.040365
6 0.35706 0.638997 0.26331 0.10395
